Run the test of 10000 requests
1 blocks in total, max key is 31
Cache built. 1 layers 1 entries in total.
thread 0 op_count 10000
41345
18992
20263
16338
14282
12548
13675
12099
14016
12122
13859
12366
13696
12168
13822
12231
13660
15601
14187
12254
13711
12215
13855
12345
13717
12157
15283
12200
18931
12702
18418
12708
14077
12129
13818
12248
13753
12091
14047
12159
13620
12429
13653
12171
13706
12340
14532
12153
13783
13224
13855
12106
14119
12279
13677
12253
14947
12303
13722
12041
13750
12075
15553
12275
16059
12322
15027
12292
14723
12551
14965
12283
14629
12234
14731
12638
14693
12621
14650
12298
14638
13192
14997
12299
14715
12172
16225
12531
14599
12216
45632
12311
14680
12131
16535
12789
14813
12368
15052
12530
14865
12161
17397
12337
14884
12586
14787
12347
14719
12327
14936
12284
14662
13186
15025
12249
15920
12286
14725
12317
14634
12541
14720
12161
14688
12164
16536
12468
14771
12246
14748
12450
14608
12242
14566
12197
14622
12303
14620
12249
14744
12312
14790
12311
14630
13043
15927
12336
14695
12208
14707
12046
14640
12585
14656
12193
14974
12498
16534
12422
15019
12699
14785
12285
14772
12244
14601
12184
14633
12233
14714
12252
14756
12330
15247
12784
15781
13034
14912
12204
14623
12439
14537
12053
14675
12274
15068
12326
14616
12221
16371
12509
14730
11999
14761
12252
14655
12248
14711
12397
14823
12115
14624
12227
14685
12166
16606
12295
14708
13259
14949
12110
14782
12327
14709
12672
14731
12611
14745
12205
14804
12256
16416
12695
15117
12809
14784
12309
18376
12289
14831
12286
14874
12212
14748
12594
15698
12324
15117
12771
14642
13058
14767
12604
14640
12330
14691
12272
14624
12579
14756
12032
14643
12198
16460
12528
14814
12200
14827
12468
14667
12321
14641
12319
14633
12269
15864
12292
14726
12456
14839
12258
14691
13480
14918
12342
14658
12195
14813
12131
14670
12273
14690
12271
14812
12261
16688
12487
14919
12204
14701
12479
14711
12065
14740
12205
16066
12202
14698
12329
14635
12242
15516
12317
14707
13042
14748
12320
14771
12075
14894
12733
14854
14437
14762
12255
15202
12520
16477
15017
15070
12567
14825
12310
14699
12308
15720
12293
14567
12513
15078
12263
14641
12317
14762
12209
14950
13071
15068
12335
14620
12174
14669
12202
14913
11976
15093
12213
14698
12243
16527
12446
14588
12233
17970
12473
16079
12234
14750
12472
14645
12470
14728
12349
14533
12288
15159
12313
14760
13347
14720
12217
14966
12483
14616
11998
14640
12353
14633
12259
14712
12221
16406
12396
14635
12306
15870
12284
14668
12240
14649
12430
14999
12288
14548
12200
14595
12386
15074
12310
14552
13457
14600
12033
14809
12235
14660
12297
14636
12187
14818
12202
14842
12571
16544
12665
15967
12483
14700
12239
14808
12205
14567
12260
14980
12282
14720
12595
14733
12114
15051
12316
14845
12999
14561
12287
14558
12511
14585
12357
14691
12321
14738
12222
14578
12202
17664
12598
14909
12234
14652
12226
14960
12054
14784
12252
14607
12150
14634
12565
14506
12330
14599
12259
14680
13211
14906
11998
14864
12365
14665
11981
14653
12726
14837
12163
15835
12259
16459
12775
17579
12411
14759
12558
14601
12207
14742
12220
14591
12042
14754
12301
14634
12231
14873
12262
14814
12926
14584
12227
14637
12575
14780
12104
14740
12197
15914
12196
14803
12300
16483
12437
14634
12029
14677
12323
14538
12164
14671
12277
14646
12227
14874
12409
14556
12591
14923
12281
14647
14917
14976
12467
14890
12165
14702
12153
16076
13752
14675
13391
16426
12225
16426
12452
14798
11998
14696
12217
14605
12261
14626
12040
14670
12560
14730
12345
14557
11973
14957
12519
14778
13066
14568
12276
14553
12440
15808
12605
14905
12159
14649
12261
14619
12152
16414
12495
14774
12222
14709
12339
14990
12168
14675
12189
14663
12065
14577
12043
14598
12222
14745
12661
14455
13197
14658
12191
16068
12244
14992
14075
14736
12690
15009
12296
15004
12233
19856
12518
14681
12394
14745
12291
14645
12284
14618
12206
14862
12233
14603
12415
14566
12287
14852
12248
14606
13446
16000
12258
14552
12296
14645
12195
15128
12218
14734
12586
14612
12025
16244
12231
14627
12117
14600
12288
14626
12184
14564
12223
14583
12259
14613
12183
14654
12221
14643
12168
15729
13143
14638
12222
14585
12197
16729
12523
14965
12192
14667
11981
14738
12211
17016
12717
14945
12164
14956
12219
14557
11961
14788
12254
14702
12179
14584
12261
16563
12231
14819
12155
14735
13317
14782
12199
14790
12260
14959
12210
14657
12065
14653
12312
14526
12541
16538
12648
14673
12314
14671
12223
14765
12244
14850
12187
14682
12186
16020
12190
14561
12280
14654
12211
14789
13271
14671
12273
14625
12211
14661
12354
15030
12707
17848
12275
14670
12519
16456
12591
14912
12040
14733
12191
14713
12107
14726
12261
15935
12131
14640
12556
14868
12318
14657
12293
14844
13127
14636
12224
14739
12167
15182
12552
14679
12134
14692
12201
14661
12173
16430
12522
14838
12174
14540
12328
14549
11999
15775
12337
14780
12192
14516
12272
14611
12280
14748
12432
14809
12966
14615
12443
14542
12333
14939
12334
14746
12151
14687
12222
14551
12163
16808
12730
14832
12493
14659
12380
15915
12250
14703
12225
14529
12254
14550
12219
14815
12221
14726
12246
14701
13054
14698
12215
14608
12375
14934
12260
14718
12080
14580
12233
14715
12231
16863
12632
14667
12108
15750
12344
14803
12575
14691
12295
14757
12223
14618
12271
14674
12260
14549
12104
15009
13056
14716
12569
14655
12277
14654
12365
18259
12229
14733
12216
15005
12214
16444
12697
16103
12300
14734
12443
14721
12287
14623
12226
14644
12198
14583
12298
14836
12282
14701
12170
14643
13145
14605
12522
17229
12803
14958
12543
14722
12212
14693
12220
45044
12467
17549
12501
14780
12502
14672
12282
14687
12034
14572
12226
14672
12150
14577
12204
14620
12259
14628
12220
14513
13236
14689
12296
14576
12211
14707
12199
14614
12094
14541
12324
15663
12210
16547
12728
14765
12445
14598
12286
14670
12322
14715
12169
14728
12267
15179
12735
14898
12273
14620
12254
14989
13004
14660
12361
14605
12297
14584
12500
14746
12127
16203
12178
14794
12227
16820
12380
14773
12328
14652
12165
14654
12241
14644
12490
14872
12082
14721
12264
14659
12371
14495
12301
14951
13415
14558
12182
14761
12072
17916
12230
15812
12333
14581
12764
14842
12211
16626
12472
14711
12265
14520
12056
14664
12286
14952
12287
14635
12800
14808
12214
14742
12272
14657
12352
14787
13177
15124
12084
14656
12157
15941
12459
14641
12262
14644
12312
14844
12327
17709
12408
14740
12265
14836
12251
14685
12259
14563
12583
14545
12210
14625
12283
14580
12174
14636
12281
14496
15429
15056
12126
15729
12426
14778
12178
14450
12009
14497
12243
14772
12509
16314
12658
14480
12287
14392
12321
14496
12201
14485
12336
14729
12187
14774
12208
14581
12250
14588
12333
14521
13506
16165
12644
14479
12271
14573
12291
14426
12194
14668
12243
14572
12301
16430
12521
14747
12251
14557
12279
14537
12161
14632
12262
14510
12214
14477
12224
14501
12249
14561
12239
15690
13148
14694
12228
17877
12321
14617
12450
14679
12097
14484
12146
14767
12183
16329
12394
14724
12097
14820
12174
14696
12110
14624
12339
14468
12684
14911
12380
14623
12382
15848
12461
14837
13019
14681
12557
14590
12291
14563
12215
14456
12297
14476
12212
14503
12233
16455
12612
14644
12260
14743
12226
14585
12256
14593
12159
14598
12258
14482
12307
15617
12269
14543
12179
14554
15378
14903
12522
15178
12275
14609
12217
14802
12057
14576
12270
14699
12226
16218
12271
14537
12282
14615
12084
14539
12177
14533
12330
14532
12196
16085
12344
14900
12210
14657
12042
14582
13318
14590
12576
14762
13462
14769
12191
14551
12231
14377
12199
14541
12249
16408
12697
14578
12375
14614
12195
14593
12126
14601
12193
15706
12361
14749
12219
14580
12277
14508
12157
14508
13250
18099
12153
14824
12034
14542
12194
14653
12076
14573
12112
14746
12257
16344
12305
14586
12242
14984
12185
14576
12210
15626
12252
14581
12347
14796
12307
14692
12234
14910
12402
14595
12940
14672
12057
14589
12174
14542
12236
14604
12229
14550
12242
14583
12301
16435
12311
14697
12179
14574
12271
15877
12228
14815
12343
14614
12271
14476
12198
14616
12130
14644
12245
14578
13356
14736
12254
14542
12244
14591
12335
14536
12528
14714
12237
14516
12133
16346
12605
14808
12163
15743
12224
14804
12095
14529
12189
14718
11997
14712
12214
14618
12070
14583
11913
14988
13044
14526
12308
14512
12150
14593
12297
14507
12099
14582
12316
14535
12444
16375
12436
16243
12430
14662
12241
14646
12244
14506
12145
14730
12251
14522
12123
14598
12309
18359
12303
14559
13114
14682
12314
14634
12427
14546
12258
14628
12144
14469
12274
15884
12214
16498
12514
14526
12302
14642
12290
14509
12243
14467
12133
14897
12208
14642
12144
14633
12245
14512
12319
14926
13077
14638
12286
14532
12457
14957
12225
14550
12258
16023
12198
14565
12111
16285
12316
14553
12253
14596
12524
14816
12225
14549
12224
14556
12262
14652
12274
14879
12198
14733
12035
14648
13202
14664
12395
14804
12119
14549
12223
15733
12596
14748
12240
14615
12244
16222
12157
14590
12450
14809
12168
14560
12259
14585
12235
14763
12338
14711
12467
14476
12188
14509
12365
16637
13257
14811
12545
14749
12502
15896
12456
14812
12190
14620
12222
14621
12184
16342
12708
14685
12329
14591
12167
14558
12146
14609
12240
14507
12333
14513
12308
18211
12340
14528
12352
14624
13277
14612
12249
15825
12253
14856
12208
14594
12138
14455
12381
14547
12742
16346
12810
14722
12103
14532
12202
14671
13003
16779
12238
14942
12477
14771
11932
14508
12371
14741
12079
14504
13227
16177
12297
14600
12571
14693
12215
14602
12190
14700
12162
14507
12252
16414
12450
14549
12349
14695
11987
14474
12207
14904
12218
14557
12181
14592
12167
14630
12235
14749
12245
15721
15005
14926
12322
14521
12580
14766
12185
14583
12225
14531
12244
14526
12188
16423
12852
14583
12289
14530
12213
14870
12196
14891
12269
14733
12612
14532
12273
14568
12248
16102
12384
14564
13310
14540
11971
14519
12147
14501
12241
14707
12243
14501
12364
14555
12197
16422
12382
14651
12195
14575
12143
14619
12067
14634
12108
14660
12145
18194
12293
15956
12484
14586
12235
14717
13064
14637
12558
14576
12187
14722
12171
14613
12216
14571
12310
14500
11976
16417
12219
14527
12189
14559
12142
14552
12287
14515
12092
14803
12540
15718
12297
14589
12584
14580
12377
14550
13234
14626
12238
14831
12191
14764
12244
14651
12190
14700
12461
14925
12170
46691
12668
14522
12277
14735
12181
14464
12249
14575
12175
15982
12462
14629
12185
14499
12230
14523
12259
14486
12910
14731
12290
14568
12153
14568
12206
14493
12011
14802
12213
14691
12053
16362
12367
14592
12302
14770
12016
14618
12251
15655
12493
14888
12296
14475
12172
14639
12142
14614
12146
14647
13050
14563
12253
14493
12245
14521
12213
14458
12830
14452
12158
14496
12323
16436
12617
14653
12111
14840
12287
15833
12226
14576
12201
18186
12470
14557
12163
14609
14657
14939
12129
15317
13131
14891
12007
14730
12202
14565
12180
14647
12213
14534
12244
14459
12064
16478
12292
14992
12152
15802
12358
14801
12154
14598
12194
14790
12224
14470
12317
14475
12238
14519
12258
15123
13202
15177
12274
14596
12108
14619
11975
14752
12215
14602
12038
14682
12166
16567
12487
16017
12190
14780
12247
14815
12291
14633
12204
14654
11963
14640
12268
14505
12223
14532
12192
14529
13062
14522
12257
14618
12050
14636
12157
14711
12063
14811
12159
14496
12250
17436
12405
14724
12157
14593
12292
14466
12183
14500
12043
14796
12196
14643
12198
14547
12485
14734
12143
14444
17247
15185
12266
14591
12178
14525
12087
14643
12194
14599
12221
15860
12158
16365
12623
14927
12285
14556
12213
14500
12158
18017
12478
14566
12211
14764
12176
14568
12521
18376
13400
14506
13095
14599
12101
14630
12220
14526
12267
14717
12268
15907
12071
14651
12179
16355
12184
14573
12046
14525
12343
14459
12163
14512
12289
14875
12416
14638
12126
14602
12212
14547
12246
14473
13136
14801
12268
14611
12386
14577
12207
15701
12608
14647
12337
14647
12153
16351
12446
14590
12120
14798
12192
14607
12146
14589
12177
14584
12275
14506
12245
14526
12235
14532
12288
14559
13011
14564
12635
14590
12177
15922
12544
14678
12164
14794
12426
14811
12311
16421
12468
14573
12294
14439
12196
14692
12170
15222
12190
14844
12493
14925
12229
14605
12333
14806
12272
14847
13091
14734
12256
15847
12231
14702
12445
14923
12150
14650
12159
14553
12112
16239
12719
14670
12177
14550
12315
17684
12310
14644
12278
14617
12242
14815
12043
14519
12344
14639
12234
14541
13222
15948
12241
14645
12145
14563
12550
14570
12347
14552
12230
14620
12327
16356
12733
14685
12199
14591
12310
14460
12229
15027
12230
14861
12331
14655
13197
17363
12211
15961
12320
14850
13287
14671
12280
14700
12132
14539
12223
14665
11967
14564
12386
14637
12161
17220
12640
14692
12226
14598
12277
14515
12242
14615
12192
14584
12187
14611
12323
15928
12635
14564
12256
14679
15324
14710
12599
14498
12180
14862
12043
14557
12286
14711
12419
14534
12311
16671
12242
14870
12271
14528
12369
14701
12059
14647
12542
14488
11984
15705
12311
14660
12265
14883
12511
14603
13108
14862
12270
14782
12374
14678
12342
14507
12369
14621
12324
14539
12241
16269
12461
18192
12351
14622
12244
14460
12230
14618
12178
15999
12799
14772
12314
14482
12164
14591
12304
14456
13132
14547
12524
14585
12288
14703
12275
14552
12196
14642
12144
14602
12259
16369
12512
14677
12263
14618
12273
14695
12210
15712
12269
14588
12162
14509
12221
14500
12151
14705
12176
14604
13113
14577
12140
15038
12311
14659
12192
14657
12447
14503
12439
14436
12268
16376
12605
14492
12395
14755
12212
16186
12238
14655
12130
14513
12319
14443
12228
14562
12187
14565
12172
14565
13067
14660
12496
14593
12213
14596
12237
14510
12261
14462
12189
14603
12186
16412
12706
14699
12224
15800
12345
14902
12171
14777
12304
14509
12447
14776
12050
14513
12144
14817
12146
14534
12917
14578
12350
14541
12256
14554
12274
14615
12254
14560
12493
14440
12488
20127
12505
15786
12232
14614
12153
14567
12172
14472
12436
14564
12683
14550
12327
14690
12233
14641
12231
14573
13118
14692
12260
14604
12242
14538
12209
14483
12319
14514
12153
14553
12175
17814
12423
14638
12520
14616
12266
14872
12513
14770
12256
14558
12038
14694
12077
14679
12308
14584
12160
14649
13077
14610
12546
14770
12365
14571
12213
14454
12181
14527
12217
15842
12263
16467
12613
14579
12327
14681
12213
14473
12312
14539
12261
14503
12242
14566
15270
14584
12727
15006
12241
14510
13091
14678
12384
14582
12257
14484
12059
14492
12291
15938
12203
14820
12353
16384
12654
14529
12192
14519
12270
14864
12582
14682
12242
14922
12240
14860
12305
14553
12323
14647
12607
14807
12977
14629
12643
14414
12336
14658
12334
15693
12212
14607
12162
18660
12303
16394
12794
14598
12338
14585
12082
14565
12241
14538
12324
14559
12200
14602
12174
14554
12224
14573
12215
14607
13176
14862
12298
14536
12247
15845
12318
14826
12262
14537
12185
14567
12175
16271
12732
14635
12272
14551
12525
14955
12242
14575
12219
14692
12280
14585
12236
14959
12268
14645
12146
14593
13384
14650
12274
15653
12532
14756
12271
14586
12169
14568
12236
14543
12272
16346
12314
14642
12314
14657
12112
14575
12279
14579
12238
14587
12357
14437
12253
14511
12094
14554
12333
14473
13030
16140
12204
14632
12183
14663
12522
14524
12310
14581
12168
14449
12337
16468
12578
14584
12267
14776
12251
14874
12306
14732
12210
14661
12261
14708
12510
14752
12278
14637
12226
15645
13193
14719
12178
14598
12248
14572
12185
14598
12272
45240
12208
14918
12264
16419
12597
14651
12275
14681
12325
14689
12540
14588
12267
14576
12483
14521
12397
14452
12279
15920
12489
14656
13216
14553
12146
14641
12324
15135
12659
14490
12442
14605
12188
14698
12214
16274
12944
14624
12315
14800
12217
14788
12572
14589
12409
17369
12311
17504
12273
15843
12725
14817
12248
14495
13116
14839
12303
14653
12313
14566
12298
14534
12316
14565
12168
14684
12222
16480
12660
14696
12237
14606
12247
14889
12198
14652
12328
14532
12172
15663
12427
14685
12192
14495
12190
14669
15304
14916
12237
14717
12377
14641
12297
14496
12043
14645
12191
14536
12368
16321
12468
14767
12081
14765
12271
14814
12456
14635
12220
17595
12218
14815
12691
14514
12353
14848
12293
14589
13370
14683
12462
14542
12392
14557
12227
17918
12708
14846
12191
14615
12412
16342
12791
14750
12305
14611
12276
14602
12104
15692
12431
14721
12228
14689
12284
14553
12608
14598
12353
14570
13179
15052
12278
14645
12520
14470
12122
14669
12429
14847
12166
14551
12281
16377
12403
14704
12243
14688
12346
16297
12249
14998
12271
14498
12244
14570
12102
14594
12288
14600
12580
14680
13174
14675
12243
15130
12275
14548
12287
14552
12496
14585
12321
14626
12222
16407
12264
14614
12205
15894
12657
14911
12257
14571
12215
14697
12285
14531
12251
15679
17325
14928
12747
14544
13437
14603
12550
14732
12244
15622
12288
14566
12310
14627
12299
14627
12125
18207
12387
14673
12237
15127
12536
14672
12270
14561
12335
14692
12131
14532
12220
14461
12178
14495
12290
14442
13104
14791
12231
16835
12583
14826
12203
14537
12158
14534
12235
15683
12344
16369
12585
14650
12562
14458
12230
14599
12149
14554
12229
14576
12215
14520
12281
14531
12270
14688
12195
14530
13080
14777
12061
14641
12215
15111
12341
14608
12250
16147
12253
14645
12546
16323
12916
14718
12309
14863
12257
14789
12310
14585
12219
14555
12116
14547
12204
14656
12201
14588
12136
14751
13045
14592
12243
14615
12485
14741
12086
15654
12279
14720
12154
14593
12462
16296
12557
14990
12176
14609
12209
14541
12231
14564
12201
14619
12258
14554
12409
14817
12543
14513
12269
14484
13100
14533
12067
14425
12387
15675
12458
14543
12284
14446
12293
14602
12231
16677
12531
14696
12226
14867
12348
14694
12231
14683
12302
14501
12028
14758
12346
14610
12574
14649
12116
14598
13039
17070
12157
15905
12267
14731
12212
14576
12359
14535
12238
14570
12282
16913
12582
14801
12186
14690
12198
14662
12155
17757
12526
14985
12506
14804
12032
14585
12127
14876
12150
14684
13201
16058
12497
14658
12206
14692
12047
14623
12324
14553
12187
14553
12268
16836
12396
14724
12254
15037
12592
14662
12154
14576
12174
14516
12227
14634
12219
14550
12273
14557
12216
15915
13092
14579
12236
14654
12311
14576
12145
14718
12179
14556
12043
14566
12203
16298
12709
14588
12277
14456
12043
14711
12254
14535
12205
14513
12097
14566
12180
14741
12118
15910
12302
14574
13173
14769
12533
14756
12299
14507
12300
14567
12225
14556
12183
14672
12256
16414
12461
14661
12301
15148
12257
14618
12599
14507
12224
14437
12314
14723
12306
15916
12397
14611
12204
16601
13091
14603
12097
14912
12127
14504
12261
14449
12202
14640
12167
14586
12201
16385
12343
14830
12233
14533
12033
14544
12238
14658
12068
14657
12124
15567
12276
14636
12276
14459
12480
14803
13026
14656
12298
14632
12191
14665
12346
14608
12229
14707
12141
14613
12267
16297
12477
14668
12284
14847
12289
14986
12203
14634
12644
16187
12269
14661
12251
14543
12284
14540
12280
14448
13105
14610
12393
14612
12492
14653
12228
14602
12376
14624
12339
14697
12361
17020
12778
14546
12185
14612
12517
14641
12330
15724
12594
14698
12114
14722
12244
14524
12215
14670
12237
14560
15073
14793
12484
14626
12166
14545
12302
14634
12214
14526
12315
14604
12292
16324
12501
14704
12355
14477
12384
15801
12227
14626
12212
14511
12194
14524
12257
14655
12206
16904
12167
14558
13169
14869
12252
14736
12385
14511
12115
14544
12222
14569
12243
14478
12050
16492
12608
14611
12275
15636
12373
14831
12487
14477
12622
14670
12125
14504
12417
14945
12046
14734
12206
14480
12910
15005
12201
14651
12293
14569
12218
14526
12179
14577
12278
14575
12260
16558
12476
16140
12313
14574
12129
14855
14220
15142
12559
14752
12253
14577
12382
14519
12316
14839
12057
14844
13169
14619
12191
14729
12304
14741
11951
14559
12367
14642
12176
14446
12524
17616
12477
14987
12193
16272
12407
17791
13564
14657
12452
14723
12309
14586
12240
14444
12267
14475
12206
14478
12909
14565
12210
14682
12005
14687
12085
14666
12261
14530
12138
15658
12460
16342
12427
14754
12413
14706
12057
14488
12183
14761
12021
14487
12030
14617
12339
17123
12203
14663
12037
14645
13259
14614
12507
14756
12119
14513
12221
14678
12022
15769
12510
14603
12177
16285
12477
14509
12360
14492
12234
14512
12527
14746
12215
14486
12146
14666
12036
14483
12192
14545
12113
14545
13047
44739
12228
14487
12219
14520
12225
15592
12278
14848
12725
14487
12282
16347
12587
14970
12264
14500
12261
14492
12224
14512
12235
14486
12132
14449
12134
14874
12275
14633
12206
14519
13073
14625
12100
14601
12426
15933
12543
14489
12305
14545
12128
14587
12233
16570
12655
14735
12199
14525
12152
14674
12194
14592
12225
14552
12185
14445
12021
14881
12261
14542
12213
14517
13072
14607
12560
15898
12206
14783
12115
14799
12300
14518
12293
14536
12194
16311
12164
14817
12341
14639
12248
14639
12208
14528
12029
14504
12218
16396
12920
14763
12186
14541
12246
14581
13138
15951
12297
14896
12283
14574
12196
14503
12258
14542
12420
14511
12493
16291
12440
15714
12295
14528
12315
14584
12212
14966
12257
14526
12279
14530
12182
14589
12191
16092
12181
14496
13150
14645
12502
14812
12178
14491
12192
14729
12203
14626
12038
14659
12190
16604
12518
14582
12240
14603
12246
14949
12411
14492
12164
14513
12367
14534
12299
16127
12308
14553
11963
14666
13045
14713
12186
14603
12351
14984
11973
14473
12220
14717
12013
14544
12272
16467
12234
14624
12116
16964
12625
14664
12886
14605
12188
14680
12225
15515
12525
14650
12254
14520
12245
14486
12859
14722
12151
14552
12171
14693
12238
14476
12206
14628
12118
14579
12331
16450
12314
14793
12169
14706
12202
14632
12591
17209
12300
15645
12518
14558
12241
14611
12427
15002
12124
14559
13175
14617
12462
14971
12235
14613
12195
14568
12274
14503
12357
14469
12349
16303
12390
14631
12252
14438
11968
14839
12074
16374
12210
14787
12154
14606
12232
14469
12316
14749
12059
14489
13265
14508
12312
14505
12233
14557
12167
14544
12239
14544
12237
14482
12210
16522
12742
14626
12229
14493
12153
15661
12583
14837
12137
14618
12136
14631
12094
14578
12250
14638
12173
14350
12986
14509
12276
14694
12234
14687
12097
14579
12242
14584
12259
14971
12366
16412
12538
14574
12187
15992
12459
14565
12254
14411
12345
14560
12430
14659
12284
14926
12216
14660
11972
14674
15297
14963
12311
14595
12283
14729
12274
14543
12230
14495
12197
14521
12179
16573
12356
15738
12163
14534
12435
16591
12243
14500
12260
14450
12044
14504
12321
14411
12215
14677
12244
14495
12895
14629
12248
14619
12196
14600
12312
14554
12204
14549
12294
14504
12180
17778
12739
14529
12133
14641
12003
14438
12027
14962
12118
14503
12270
14668
12217
14528
12198
14733
12016
14452
13110
14626
12767
14843
12141
14550
12244
14615
12442
14617
12197
16127
12200
16604
12326
14547
12219
14484
12325
14469
12302
14522
12212
14524
12196
14581
12165
14500
12275
14630
12197
14442
13044
14629
12072
14507
12219
14492
12254
14640
12242
15983
11994
14663
12282
16419
12337
14971
12295
14567
12609
14424
12431
14439
12207
14603
12239
14523
12221
14620
12117
14835
12126
14671
12883
14593
12169
14578
12298
14456
12249
15625
12495
14851
12207
14517
12252
16560
12264
14599
12202
18138
12533
14688
12520
14742
12275
14532
12428
14485
12227
14459
12391
14612
12320
14516
13412
14724
12195
14631
12150
15827
12302
14524
12160
14884
12195
14562
12249
16325
12374
14963
12233
14598
12653
14669
12198
14435
12222
14472
12295
14594
12220
14494
12429
14489
12152
14477
17649
15060
12493
15581
12146
14663
12124
14600
12199
14602
12277
14392
12265
16607
12473
14554
12242
14568
12155
14492
12290
14483
12152
14493
12449
14481
12281
14492
12318
14495
12146
14784
13299
16363
12184
14590
12284
14610
11959
14534
12224
14633
12137
14637
12273
16434
12617
14607
12287
14591
12547
14475
12291
14589
12248
14568
12204
14621
12304
14566
12362
14579
12268
15786
13138
14632
12233
14687
12323
14435
12264
14415
12298
14825
12250
14773
12256
18422
12688
17980
12709
14656
12304
14555
12266
14553
12177
14516
12163
14480
12190
14697
12298
15634
12669
14604
13208
14515
12175
14859
12237
14729
15089
15310
12240
14935
12076
14591
12188
16497
12586
14567
12339
14488
12532
14571
12324
14529
12250
14475
12375
14453
12258
15929
12505
14541
12327
14580
13171
14591
12337
14891
12311
14578
12205
14593
12654
14829
12126
14455
12305
16552
12472
14547
12295
14583
12164
14534
12195
14736
11988
14580
12166
15620
12541
14443
12468
14722
12266
14576
13147
14878
12226
14575
12263
14570
12251
14516
12268
14404
12161
14542
12267
16348
12772
14633
12210
14697
12265
14514
12017
14725
12027
15733
12655
14493
12259
14518
12253
14565
12200
14527
12998
14659
12155
14549
12300
14619
12252
14631
12238
14508
12290
14514
12166
18816
12408
14641
12752
14841
12155
14575
12204
15571
12510
14632
12226
14576
12181
14704
12325
14806
12281
14899
12980
14522
12386
14505
12209
14487
12780
14785
12309
14522
12258
14509
12234
16352
12732
14512
12301
16000
12137
15961
12236
14480
12250
14472
12293
14619
12235
14560
12273
14544
12152
14560
13119
14721
12255
14551
12271
14773
12444
14599
12302
14712
12253
14502
11969
16614
12592
14612
12284
15837
12776
14523
12294
14737
12191
14602
12269
14488
13073
14894
12298
14575
12238
44850
13013
14696
11956
14672
12303
14626
12308
14798
12412
14528
12077
14576
12336
18472
12869
14699
12257
14639
12258
14646
12269
14497
12313
14795
12298
14629
12172
14526
12296
14663
12207
14522
15111
14688
12308
14462
12317
14513
12217
14522
12045
17004
12163
16138
12257
16400
12820
14527
12270
14555
12249
14693
12212
14466
12262
14755
12464
14545
12760
14548
12165
14888
12183
14536
13155
14552
12662
14471
12283
14527
12299
14530
12226
15685
12210
14486
12247
16841
12609
14774
12223
14660
12230
14494
12247
14663
12548
14756
12269
14509
12205
14571
12280
14561
12188
14708
13004
14603
12482
14672
12258
14641
12222
15854
12171
14864
12320
14537
12198
16416
12418
14706
12233
14503
12049
14758
12247
14551
12237
14580
12012
14563
12286
14542
12145
14640
12286
14676
13082
14787
12295
14669
12239
15810
12235
14575
12452
14456
12181
14535
12360
16315
12662
14530
12252
14608
12164
14535
12102
14557
12226
14597
12291
14638
12266
14517
12006
14510
12180
14587
13051
14660
12112
15896
12331
14565
12250
16618
12204
14746
12350
14630
12196
16331
12463
14574
11983
14571
12284
14621
12185
14505
12225
14509
12270
14589
12229
14499
12239
14841
12288
14672
13171
15780
12293
14734
12207
14576
12369
14583
12314
14506
12339
14801
12286
16206
12699
14626
12138
14640
12192
14564
12210
14471
12234
14579
12158
14562
12181
14627
12223
14612
12211
15977
12977
14588
12194
14585
12339
14477
12244
14569
12293
14735
12438
14573
12276
16337
14288
14847
12564
14668
12176
14745
12138
14458
12339
14599
12134
14565
12170
14695
12186
15675
12389
14616
12967
14778
12254
14584
12249
14511
12235
14519
12300
14494
12588
14561
12569
16545
12453
14650
12282
14601
12288
14590
12178
14564
12292
14901
12189
14607
12318
16034
12162
14730
12255
15024
13025
14800
12221
14567
12335
17005
12547
14584
12450
14731
12315
14773
12243
16307
12654
14714
12167
14563
12258
14646
12269
14601
12269
14881
12300
15779
12238
14928
12311
14645
12469
14574
12975
14759
12220
14531
12332
14606
12211
14583
12243
14500
12227
14529
12109
16385
12419
14812
12139
14692
12346
14477
12566
14557
12275
15931
12211
14821
12251
14581
12251
14601
12218
14634
13323
14810
12284
14736
12558
14572
12355
14523
12311
14695
12302
14532
12194
16360
12479
14662
12319
14635
12350
14792
12267
15692
12638
14684
12127
14560
12308
14577
12217
14649
12149
14437
13061
14569
12273
14482
12715
14438
12354
14637
12138
14465
12314
14561
12208
16203
12405
14550
12206
14559
12226
15563
12277
14633
12516
14554
12319
14557
12474
14562
12469
14507
12244
14753
13102
14596
12555
16974
12229
14747
12168
14748
12279
14729
12057
14556
12202
16306
12295
14625
12178
15902
12192
15023
12116
14591
12196
14630
12275
14620
12205
14545
12281
14510
12154
14428
12995
14633
12529
14467
12316
14580
12215
14628
12387
14480
13850
14491
13561
16568
23247
20564
12266
14546
12250
14470
12226
14525
12268
14456
12231
14516
12283
14604
12254
14546
12050
14577
12937
14665
12631
14474
12270
14567
12310
14512
12271
14795
12223
14570
12202
17708
12639
14635
12257
14526
12244
14631
12341
14575
12073
14582
12215
14627
12421
14602
12383
14794
12017
14562
13137
14597
12532
14486
12412
14510
12259
14556
12324
14549
12346
15783
12344
27724
12646
14647
12159
14757
12258
14912
12119
14656
12204
14534
12183
14469
12212
14700
12212
14592
12161
14552
15297
16777
12269
14754
12259
14656
12126
14555
12512
16072
12258
14807
12190
16325
12695
14692
12180
14515
12221
14517
12232
14490
12147
14805
12032
14530
12347
14607
12268
14504
12201
14512
13098
14573
12214
14498
12518
14890
12245
15608
12428
14547
12226
14766
12301
16396
12567
14617
12285
14502
12248
14613
12248
14521
12283
14571
12156
14616
11968
14572
12224
14558
12262
14516
13049
14471
12308
14488
12540
16057
12274
14768
11971
14890
12212
14621
12208
16389
12545
14733
12236
14650
12286
14567
12452
14802
12004
14530
12261
14784
12215
14559
12256
14635
12190
14572
13041
14538
12533
15677
12694
14646
12379
14553
12294
14697
12562
14746
12167
16448
12357
14911
12194
14589
12224
14524
12310
14564
12584
14547
12267
14458
12304
14547
12235
14549
12275
17108
13055
15907
12193
14668
12216
15831
12204
15014
12446
14568
12291
14585
12221
16384
12537
14554
12263
14685
12165
14532
12164
14599
12204
14558
12249
14643
12349
14598
12338
15897
12127
14653
13219
14706
12648
14944
12203
14640
12154
14573
12288
14552
12224
14547
12330
16376
12862
14843
12839
14801
12278
14575
12231
14606
12141
14807
12104
14865
12236
15801
12367
14754
12174
14515
13001
14451
12409
14525
12781
14572
12316
14898
12178
14784
12247
14863
12233
16408
12395
14576
12445
14506
12080
14619
12391
14520
12713
14568
12187
15867
12498
14762
12185
14675
12232
14404
12809
14778
12217
14565
12360
14434
12290
14534
12373
14819
11954
14867
12254
16363
12700
14601
12220
14609
12205
14448
12257
14595
12208
15583
12223
14660
12433
16875
12306
14637
12201
14647
13031
14741
12220
14505
12236
14609
12253
14729
12317
14788
12823
17176
12286
16368
12517
44599
12220
14636
12316
14609
12198
16065
12329
14460
12290
14678
12301
14531
12244
14597
12250
14498
13060
14468
12228
14663
12245
14781
12548
14565
12203
14683
12485
14488
12451
16346
12411
14647
12121
14515
12326
15683
12298
14503
12280
14523
12258
14484
12279
14517
12275
14434
12042
14500
13034
14869
12262
14613
12276
14495
12211
14790
12305
14745
12195
14682
12136
16456
12679
14607
12250
16152
12222
14577
12511
14826
12232
14540
12098
14618
12387
14478
12050
14560
12194
14749
13001
14563
12280
14885
12504
14657
12252
14465
12725
14832
12240
14668
12236
16350
12386
15749
12519
14594
12212
14790
12187
14479
12178
14677
12215
16859
12263
14557
12153
14573
12255
14485
13095
14597
12174
14587
12527
14877
12239
14676
12261
14514
12223
14495
11980
17767
12866
14777
12272
14599
12186
14866
12214
14755
12277
14404
12257
14541
11988
14719
12332
14625
12205
14591
13061
14606
12504
14738
12185
14537
12383
14747
12279
14401
12294
15894
12224
16297
12763
14603
12245
15099
12327
14461
12258
14504
12310
14499
12311
14538
12526
14509
12387
14479
12293
14814
13040
14778
12446
14657
12250
14576
12275
14814
12270
15723
12325
14511
12573
19168
14511
14879
12408
14732
12542
14587
12266
14772
12205
14569
12208
14565
12218
14576
12233
14577
12290
14546
13149
14628
12387
14591
12340
14569
12219
15928
12159
14803
12741
14838
12208
17108
12509
14633
12422
14584
12265
14451
12787
14760
12068
16517
12516
14707
12094
14599
12304
14615
12322
14532
15095
14824
12509
14750
12212
16152
12403
14512
12315
14504
12054
14613
12161
16502
12380
14481
12233
14748
12119
14493
12206
14664
12131
14456
12333
14638
12148
14534
12246
14647
12166
14576
13040
14597
12542
15820
12159
14795
12470
14691
15656
14615
12382
14670
12124
16426
12685
14884
11987
14585
12243
14665
12049
14464
12233
14823
12200
14508
12262
14592
12048
14506
12243
14737
13302
15894
12201
17847
13427
14658
12531
14475
12477
14518
12443
14606
12270
16325
12570
14623
12114
14640
12121
14650
12177
14611
12275
14490
12179
14608
12278
14693
12342
14632
12274
15971
13345
14848
12332
14549
12551
14602
12061
14671
12251
14621
12054
14458
12307
16471
12561
14811
12196
14687
12669
14636
12190
17160
12232
14581
12206
14610
12229
14538
12309
15679
12283
14425
12984
14723
12175
14483
12240
14797
12264
14556
12310
14941
12315
14516
12196
16329
12626
14558
12283
14659
12226
14467
12239
14401
12274
14615
12257
14617
12180
15993
12484
14625
12297
14538
13255
14746
12206
14713
12186
14700
12550
14787
12221
14653
12225
14579
12182
16382
12581
14768
12187
14566
12270
14532
12256
14490
12157
14626
12021
15685
12541
14798
12184
14488
12240
14558
13079
14534
12111
14531
12238
14692
12245
15033
12348
14381
12003
14753
12420
16335
12556
14556
12262
14602
12258
14554
12227
14501
12016
16018
12208
14931
12744
14806
12295
14561
12088
14586
13049
14547
12212
14508
12199
14540
12213
14526
12347
14493
12228
14580
12587
16444
12979
14640
12259
14631
12172
16645
12212
15831
12200
14905
12404
14580
12288
14805
12285
14668
12229
14471
12997
14799
12476
14786
11998
14673
12346
14538
12326
14507
12223
14480
12311
16339
12707
14619
12241
14491
12048
15712
12507
14759
12117
14458
12266
14688
12166
14651
12295
14585
12252
14484
12997
14514
12528
14437
12031
14534
12261
14466
12310
14425
12758
14847
12240
16533
12444
17278
12283
14807
12190
14670
12345
14520
12452
14609
12471
14876
12193
14536
12266
14573
12158
14627
13005
14562
12528
14885
12260
14527
12153
17501
12208
14796
12178
14492
11944
17384
12750
14578
12277
14575
12241
14616
12188
14569
12249
14463
12211
14502
12319
14582
12261
14538
12207
14539
13472
14697
12227
14467
12296
14398
12143
14498
12254
14400
12446
15822
12190
16993
12696
16715
12305
14593
12195
14587
12175
14580
12275
14494
12254
14482
12271
14556
12333
14555
12169
14592
12934
14589
12517
14865
12233
14558
11999
14576
12298
15691
12312
14649
12237
16251
12434
14590
12574
14681
12090
14780
12254
14482
12027
14505
12322
14432
12239
14544
12325
14789
12272
14456
13027
14468
12295
14579
12346
14615
12199
15985
12302
14488
12181
14532
12285
16313
12434
14522
12329
14607
12310
14440
12222
14451
12181
14649
12254
14591
12195
14485
12196
14576
12276
14542
13114
14604
12274
14982
12316
15727
12322
14594
12279
14545
12199
14544
12183
16426
12746
14610
12272
14600
12320
14501
12240
14526
12183
14544
12396
14818
12256
14689
12268
14451
12193
14659
12967
14595
12266
15804
12268
14539
12346
14445
12308
14579
12736
14484
11969
18542
12456
14622
12333
14614
12269
14647
12255
14522
12021
14398
12013
14496
12424
14469
12220
14854
12176
14440
14709
15768
12268
14847
12099
14531
12270
14664
12155
14373
12221
14762
12278
16322
12638
14567
12160
14527
12260
14595
12084
14511
12240
14626
12085
14466
12346
44932
12224
14585
12249
15846
13051
14582
12338
14618
12159
14823
12215
14537
12176
14583
12313
14430
12200
16255
12300
14759
12197
14881
12259
14660
12233
14514
12218
14413
12063
14670
12113
14631
12274
15615
12433
14459
13498
14807
12388
14676
12269
14483
12253
14549
12188
14556
12257
14466
12196
16309
12792
14486
12059
14569
12364
14626
12404
14501
12269
14718
12298
14833
12073
15645
12281
14533
12258
14491
17935
14600
12086
14509
12588
15821
12497
14459
12377
14410
12174
17264
12191
16288
12371
14862
12212
14603
12262
14552
12259
14473
12287
14607
12160
16064
12302
14460
12076
14802
11984
14472
12963
14741
12197
14886
12139
14549
12586
14637
12345
14475
12262
14542
12215
16356
12530
14880
12178
14550
12310
14552
12176
14506
12260
15635
12399
14523
12192
14665
12279
14670
12243
14516
12973
14593
12022
14659
12212
14532
12308
14567
12341
14468
12289
14736
12537
16324
12649
14548
12140
14646
12246
14519
12113
15951
12604
14594
12259
14585
12560
14441
12471
14476
12220
14869
12980
14522
12057
14935
12587
14529
12206
14567
12160
14576
12225
14532
12180
16258
12638
14498
12607
14764
12151
15669
12380
14522
12218
14602
12184
14552
12190
14601
12265
14501
12294
17041
14003
14630
12191
14940
12219
14535
12274
14667
12270
16569
12236
14716
12117
16362
12204
14578
12352
16158
12608
14575
12283
14495
12192
14605
12208
14593
12606
14632
12260
14551
12235
14472
12996
14562
12234
14870
12315
14799
12209
14631
12371
14568
12217
14658
12415
16297
12451
15768
12376
14636
12359
14563
12279
14507
12459
14484
12214
14528
12017
14558
12242
14519
12749
14404
13457
14558
12212
14547
12546
14708
12240
14655
12217
14578
12230
14675
12257
17706
12678
14500
12291
14513
12240
14579
12276
14512
12273
14485
12213
14502
12237
14766
12233
14585
12306
14593
12976
14896
12490
14860
12405
14552
12113
14953
12195
14595
12237
15675
12375
16398
12675
14556
12274
14718
12186
14423
12058
14866
12273
14441
12301
14506
12280
14426
12328
14606
12180
14742
13161
14817
12244
14471
12280
14544
12051
16266
12101
15919
12275
14533
12322
16512
12378
14501
12535
14512
12227
14578
12253
14483
12509
14520
12536
14430
12306
14474
12234
14906
12285
14438
13040
14527
12280
15042
12210
17651
11980
15713
12156
14580
12353
14626
12172
16321
12600
14486
12215
14766
12252
14524
12141
14628
12189
14497
12261
14554
12117
14451
12177
14802
12182
14549
12887
14554
12032
14803
12310
16000
12267
14467
12209
14804
12256
14968
12189
16276
12648
14769
12266
14471
12310
14484
12259
14468
12084
14391
12358
14556
12209
14456
12379
14366
12334
14659
12995
14532
12037
16208
12421
14591
12294
14672
12159
14525
12237
14536
12277
16727
12918
14527
12117
14495
12424
14519
12204
14426
12366
14577
12015
14444
12861
15183
12282
14558
12066
15900
13090
14590
12197
16188
12252
14513
12161
14501
12153
14497
12236
14524
12333
17081
12771
14757
12190
14668
12306
14516
12267
14529
12670
14605
12197
14541
12284
14588
12198
15865
12522
14868
15048
15195
12200
14579
12334
14565
12260
14515
12460
14638
12472
14428
12261
16258
12676
14466
12221
14571
12299
14463
12123
14397
12101
14474
12296
14581
12267
15633
12251
14576
12225
14556
12869
14551
12077
14433
12052
14554
12508
14522
12820
14456
12289
14829
12324
16278
12855
14551
12224
14510
12380
14927
12355
14535
12260
14530
12247
15889
12320
14751
12284
14657
12533
14760
13094
14775
12281
14802
12244
14590
12315
14492
12292
14523
12277
14672
12025
16275
12714
14556
12266
14711
12230
14540
12051
14559
12218
15604
12302
14563
12278
14913
11985
14763
12059
14724
12883
16481
12216
14651
12238
14507
12237
14507
12177
14597
12227
14527
12299
16371
12698
14614
12208
14647
12284
14587
12241
15960
12264
14579
12963
16713
12339
14590
12244
14574
12151
14626
13000
14521
12270
14647
12469
14775
12085
14552
12086
14779
12143
14446
12212
16656
12397
14801
12020
14794
12247
15589
12300
14543
12383
14820
12195
14509
12360
14536
12342
14467
12278
14472
13074
14577
12107
14508
15231
14703
12160
14594
12240
14655
12214
14510
12152
16278
12743
14573
12051
15829
12433
14794
12285
14548
12260
14585
12241
14544
12289
14789
12226
14619
12190
15012
13513
14618
12264
14577
12318
14550
12599
14577
12228
14600
12284
14538
12070
16358
12845
15921
12283
14641
12193
14559
12191
14557
12163
14562
12263
14571
12266
14462
12279
14551
12101
16104
12968
14794
12350
14447
12331
14400
12231
14555
12232
14558
12276
14633
12211
17899
12433
14658
12261
14634
12216
14574
12217
14607
12202
14500
12119
14655
12284
14590
12281
14570
12256
15045
13365
14507
12240
14956
12046
14589
12251
14614
12332
14516
12270
16131
12267
16328
12699
14501
12079
14604
12059
14569
12169
14591
12171
14589
12228
14505
12267
14523
12259
14523
11929
44688
13050
14560
12049
14561
12270
14427
12226
14465
12210
15658
12191
14561
12236
16622
12803
14526
12380
14604
12225
14588
12309
14560
12288
14489
12254
14589
12264
14659
12320
14568
12157
14857
12976
14538
12349
14576
12467
14944
12320
15915
12307
14644
12340
14587
12451
16578
12303
14839
12301
14696
12298
14621
12006
14593
12210
14778
12386
14716
12220
14620
12333
16479
12361
14535
12965
14680
12248
14629
12298
15527
12281
14694
12195
14785
12186
14522
11971
16615
12312
14658
12256
14567
12304
14673
12316
14601
12252
14567
12108
20016
13590
14781
14070
14668
12344
14747
13110
14576
12236
15992
12261
14634
12515
14837
12275
14622
12240
14538
12308
16359
12420
14663
12209
14546
12287
14617
12079
14670
12210
14550
11945
14608
12285
14621
12249
14513
12025
14760
13077
15592
12450
14623
12343
14471
11981
14422
12404
14522
12267
14690
12330
16374
12604
14738
12649
14741
12105
14440
12195
14586
12184
14695
12085
14603
12262
14541
12274
14619
12269
16176
13109
16582
12605
15029
12538
14974
12299
14598
12214
14614
12178
14540
12258
16789
12806
14632
12311
14683
12188
14612
12510
14513
12241
14721
12206
14618
12263
16259
12291
15620
12301
14562
13091
14603
12242
14657
12219
14790
12046
14963
12321
14600
12179
14519
12228
16300
12716
14661
12255
14553
12589
14821
12216
14628
12216
14487
12015
14522
12278
15881
12414
14523
12288
14638
14983
15003
12051
14720
12277
14498
12606
14690
12197
14653
12229
14629
12284
16296
12414
14863
12358
14490
12378
14476
12196
14504
12212
14496
12027
15698
12463
14731
12246
14551
12075
14561
13139
14600
12361
15033
12319
14432
12212
14635
12264
14480
12242
14605
12799
16302
12469
14518
12555
14730
12257
14521
12288
14484
11931
15582
12216
14778
12546
14808
12188
14599
12198
14657
13001
14629
12534
14599
12222
14574
12314
14510
12030
14621
12208
14564
12270
16471
12514
14881
12283
14667
12216
14459
12294
16559
12245
14563
12082
16067
12257
14643
12076
14576
12062
14816
13029
14695
12488
14564
12247
14580
12157
14374
12366
14592
12238
14419
12529
16358
12568
14607
12274
14678
12289
15737
12298
14582
12172
14510
12238
14510
12227
14468
12316
14563
12231
14686
12858
14707
12251
14545
12368
16032
12293
14550
12251
14621
12336
14413
12194
16277
12719
16020
12313
14810
12354
14639
12200
14550
12423
14827
12059
14440
12328
14726
12067
14730
12157
14959
13151
14885
12302
14577
12260
14513
12270
14472
12280
14540
12250
14606
12269
17686
12689
14664
12298
14418
12107
14522
12255
14489
12217
14600
12215
14548
12246
14543
12159
14755
12040
14608
13013
14502
12067
14644
12218
14613
12303
14688
12496
14729
12251
15907
12444
16374
12540
14656
12245
14701
12331
14663
12456
15973
12252
14849
12024
14484
11986
14520
11976
14574
12771
14782
12983
15026
12209
14597
12242
14851
12135
14463
12261
15644
12286
14747
12359
16231
12240
14655
12498
14579
12315
14560
12307
14556
12320
14495
12251
14476
12353
14445
12262
14796
12260
14893
13117
14560
12773
14791
12227
14640
12241
15958
12224
14707
12297
14502
12077
16365
12631
14476
12329
14604
12288
14496
12162
14635
11980
14653
12252
14684
12138
14604
12371
14616
12176
14421
13092
14617
12440
14676
12229
15671
12225
14607
12242
14904
12429
14500
12237
16302
12662
14617
12325
14506
12291
14584
12457
14503
12178
14492
12225
14486
11962
14756
12107
14909
12359
14846
13090
14582
12284
15700
12298
14684
12253
14647
12281
14529
12639
14779
12047
16350
12863
14662
12352
14595
12307
16198
12297
14613
12330
14711
12204
14613
12314
14535
12189
14506
12211
14474
13025
15866
12297
14804
12212
14626
12073
14564
12228
14602
12266
14594
12553
16227
12362
14587
12266
14569
12542
14487
11957
14680
12508
14456
12154
14431
12576
14462
12390
15042
12308
16084
13005
14887
12275
14604
12669
14829
12331
14575
12282
14484
12262
14504
12244
16388
12643
14646
12328
14849
12387
14688
12193
14580
12439
14504
12495
14670
12311
14585
12220
15916
12201
14693
13054
14614
12328
15098
12788
14825
12247
14702
12292
14874
12349
14636
12295
16343
12653
14557
12500
14445
12545
14436
12313
14517
12624
15074
12244
14716
12286
15597
12313
14853
12350
14537
13146
14493
12034
14599
12526
14488
12407
14511
12399
14606
11975
14581
12056
16407
12492
14743
12419
16195
12375
14547
12221
14621
12190
14539
12315
15845
12316
14667
12304
14624
12506
14700
13008
14597
12293
14576
12433
14560
12356
14594
12316
14637
12252
14533
12236
16971
12417
14739
12243
14595
12405
14627
12057
14573
12398
15617
12273
14448
12010
14820
12215
14604
12267
14855
16627
14942
12071
14634
12188
14573
12278
14638
12463
14691
12371
14492
12081
16401
12498
14792
12342
14788
12504
14545
12146
15935
12500
14562
14490
15826
12267
14731
12116
14808
12300
14435
13049
14573
12150
14650
12227
14475
12256
14577
12095
14568
12319
14635
12250
16392
12212
14910
12204
14664
12297
15869
12171
14663
12207
14506
12180
44510
12293
14988
12261
14548
12190
14593
12870
14653
12235
14583
12171
14568
12012
14494
11995
14542
12506
14490
11988
16212
12489
16088
12246
15848
12267
14834
12265
14566
12169
14554
12322
14671
12479
14554
12412
14656
12217
14566
13112
14461
12358
14743
12522
14607
12252
14486
12668
14903
12238
14681
12214
16286
12382
15757
12227
14434
12587
14442
11985
14393
12727
14434
12415
14478
12111
14957
12301
14459
11996
14763
13022
14542
12290
14523
12569
14565
12322
14510
12228
14532
12210
14468
12300
17423
12489
14847
12188
14477
12031
14799
12174
14639
12220
14491
12224
14573
12234
14618
12153
14509
12214
14638
13017
14623
11996
14589
12221
14535
12271
14574
12190
14393
11994
15990
12200
16689
12536
14831
12335
14608
12181
14474
12081
14620
12222
14465
12160
14468
12284
14784
12040
14500
12167
14471
12882
14576
12341
14624
12223
14539
12260
14512
12240
15624
12531
14536
12231
17752
12504
14599
12557
14511
12044
14985
12111
14541
12166
14700
12210
14503
12287
14539
12051
14498
12258
14696
13003
14552
12218
14586
12578
14664
12167
15824
12246
14474
12012
14502
12330
16252
12234
14749
12197
14892
12312
14554
12215
14500
12161
14606
11957
14706
12041
14866
12188
14618
12040
14648
13049
14481
12320
14565
12253
15678
12469
14467
11994
14580
12498
14551
12138
16295
12673
14498
12335
14443
12230
14508
12257
14557
12187
14451
12359
14712
12259
14619
12160
14554
12163
17892
12966
14566
12521
19034
12602
14485
12141
14464
12437
14508
12029
14522
12471
16232
12652
15632
12231
14948
12228
14522
12238
14527
12047
14448
12279
14761
12225
14564
11973
14839
11982
16110
12840
14785
12015
14521
12243
14723
12097
14528
12234
16121
12187
14836
12244
16537
12645
14612
12235
14446
12182
14521
12179
14480
12123
14697
12029
14675
12280
14655
12228
15705
12369
14485
12941
14817
12208
14638
12203
14677
12027
14662
12241
14525
12192
14585
12212
16297
12401
14731
12297
14610
12311
14683
12301
14467
12528
14563
12349
14815
12227
15618
12413
14670
12239
14530
13040
14523
12445
14454
12247
14596
12236
14509
12157
14515
12318
15128
12412
16459
12488
14630
12261
14440
12251
14498
12087
14687
12201
14625
12097
15962
12210
14773
12114
14962
12534
14378
13117
14476
12313
14500
12028
14388
12044
14754
12081
14457
12211
14802
12230
16272
12727
14723
12047
14456
12048
14457
12260
14572
12476
15605
12494
14897
12338
14516
12232
14487
12247
14559
13104
14712
12336
14639
12270
14792
12228
15955
12269
14459
12364
14497
12221
16632
12634
14524
12237
14632
12218
14517
12191
15691
12493
14471
12311
14429
12008
14764
12364
14476
12038
14603
12931
14487
12307
14551
12274
14815
11976
14519
12036
14568
12435
14435
12247
16308
12323
14720
12221
14640
12248
15992
12321
14493
12522
14829
12206
14771
12289
14422
12278
14527
12308
14435
19612
14935
12281
14565
12155
14574
12204
14486
12063
14416
12192
14788
12276
16240
12570
14786
12208
15653
12468
14468
12200
14903
12336
14466
11947
14813
12279
14410
12182
14727
12213
14488
13065
14783
12409
14581
12251
14499
12234
14620
12213
14527
12222
14576
12256
16388
12701
15854
12495
14430
12257
14573
12230
14566
12196
14627
12322
14707
12121
14590
12285
14600
14532
14736
13361
14812
12302
14503
12045
15874
12415
14538
12799
14548
12247
14776
12037
17488
12385
14735
12762
14803
12285
14537
12217
14618
12060
14443
12019
14469
12446
14489
12281
14826
12186
14598
13130
14581
12541
14738
12215
14552
12201
14415
12282
14489
12248
15837
12314
16717
12514
14741
12260
14508
12270
14504
12192
14498
12402
14504
12238
14620
12164
14448
12252
14513
12281
14536
13085
14652
12261
14553
12160
14507
12009
14785
12083
15803
12415
14516
12261
16278
12260
14569
12333
14523
12332
14407
12003
14529
12164
14577
12267
14512
12336
14557
12235
14593
12176
14585
13100
14530
12224
14547
12203
14702
12239
16059
12217
14736
12273
14892
12192
16462
12814
14587
12647
14925
12358
17612
14410
14564
13334
14702
12598
14660
12309
14533
12517
14884
12313
14452
13235
14586
12440
16261
12325
15705
12279
14822
12216
14642
12256
14661
12574
16374
12296
14622
12809
14653
12321
14571
12261
14439
12312
14531
12033
14684
12240
14553
12286
14531
12237
14418
13182
14640
12557
15729
12196
14836
12540
14708
12229
14566
12047
14473
12033
16445
12686
14626
12301
14575
12302
14554
12246
14553
12266
14550
12082
14619
12094
14535
12257
14497
12240
14471
13064
15772
12567
14740
12248
14618
12287
14631
12323
14892
12310
14619
12251
16259
12756
14517
12792
14596
12070
14493
12030
14636
12573
14751
12200
14466
12318
14587
12185
14528
12052
15713
13436
14634
12242
14576
12261
14484
12069
14761
12340
14566
12371
14409
12248
16244
12551
14825
12335
14571
12064
14662
12177
14647
12484
14679
12236
14732
12262
14655
12240
15852
44499
14640
13136
16628
12261
14596
12477
14930
12248
14615
12228
14597
12210
14544
12253
16342
12412
14600
12219
14654
11987
14575
12221
14786
12093
14631
12244
14629
12165
16650
12368
14748
12623
14483
13152
14611
12006
14807
12231
14583
12200
14564
12387
14498
12211
14517
12244
16349
12558
14668
12275
14666
12516
14528
12307
14764
12266
14559
12281
16006
12748
14802
12243
14535
12222
14525
13037
14564
12569
14702
12178
14670
11989
14577
12180
14637
12240
14503
12162
16401
12653
14598
12301
14725
12181
14440
12214
14679
12288
15614
12390
14640
12279
14571
12229
14453
12119
14623
13011
14707
12127
14559
12284
14567
12242
14489
12227
14569
12234
14552
12230
16553
12461
14723
12213
14776
12484
14723
12152
15961
12332
14589
12276
14750
12512
14517
12278
14851
12282
16205
13510
14596
12773
14755
12307
14749
12390
14770
12352
14527
11981
14644
12180
16453
12439
14594
12489
14575
12056
15610
12367
14710
12380
14731
12361
14623
13023
14878
12589
14783
12051
14478
12824
14873
12258
14606
12312
14511
12642
14617
12258
14437
12250
14499
12293
17242
12239
16141
12247
14654
12420
14693
12216
14804
12411
14768
12320
14512
12210
14491
12340
14601
12148
14560
14934
14956
12248
14519
12272
14500
12348
14998
12241
14440
11988
14763
12076
17657
12465
14634
12200
14604
12256
14430
12054
14516
12129
14864
12139
14547
12303
14596
12244
14554
12227
14513
13001
14685
12649
14470
12337
14768
12097
14508
12319
14572
12103
15904
12278
16376
12907
14717
12029
14612
12314
14587
12248
14795
12261
14807
12165
14675
12312
16086
12279
14618
12281
14769
13197
14583
12090
14534
12299
14602
12266
14505
12024
15770
12513
14627
12185
16354
12634
14826
12183
14356
12290
14711
12040
14610
12267
14650
12314
14505
12322
14579
12297
14534
12304
14879
12988
14476
12133
14553
12217
14597
12173
15606
12228
14534
12234
14465
12176
16239
12725
14669
12168
14501
12344
14529
12062
14974
12567
14543
12146
14553
12207
17113
12346
14635
12277
14526
13059
14639
12202
14529
12343
16101
12230
14577
12372
14506
11929
14853
12265
16375
12839
14582
12300
14596
12228
14447
11945
14531
12225
14673
12148
14575
12223
14539
12301
14575
12345
14649
13310
14508
12330
15661
12088
14691
12240
14834
12229
14739
12174
14636
12222
16354
12587
14607
12734
14414
12435
14735
12252
14833
12249
14537
12288
16499
12116
14513
12267
14590
12297
14434
12792
15962
12167
14992
12663
14692
12200
14539
12213
14533
12180
14535
12262
16497
12756
14604
12332
14581
12156
14567
12171
14585
12227
14548
12160
14503
12292
14545
12042
14645
12290
15699
13123
14639
12179
14545
12239
14539
12299
14545
12288
14666
12206
14580
11983
16338
12376
14960
12256
14692
12241
14528
12519
14907
12298
14762
12274
14617
12344
14654
12279
16154
12182
14674
13510
14836
12337
14621
12315
14862
12339
14596
12285
14491
12165
14573
12258
16432
12408
14823
12560
14953
12265
14526
12269
14518
11996
14498
12306
14538
12328
15545
12655
14754
11995
14539
12988
14653
12182
14467
12332
14540
12005
14548
12012
14534
12434
14503
12167
16311
12440
14623
12626
14618
12240
14540
12065
14712
12177
16393
12557
16105
12286
14611
12225
14549
12222
14594
13109
14665
12583
14606
12257
14672
12254
14477
11979
14863
12266
14621
12330
16390
13633
14973
13555
15695
12321
14791
12457
14633
12213
16066
12236
14539
12617
14635
12316
14456
12223
14525
13159
14512
12219
14583
12274
14500
12204
14554
12237
14552
12188
14469
12257
16408
12431
14859
12683
14567
12277
14438
12322
16099
12318
14618
12246
14605
12260
14611
12476
14957
12182
14493
13076
14675
12629
14517
12399
14423
12098
14612
12203
14537
12232
14554
12229
16375
12666
14833
12258
14421
12238
15778
12339
14523
12320
14408
12254
14597
14753
15112
12272
14575
12268
14721
13141
15049
12224
14521
12329
14538
12319
14566
12247
15025
12329
14556
12270
16331
12647
14662
12239
15739
12311
14505
12431
16349
12528
14678
12306
14563
12269
14474
12220
14646
12224
14585
13088
14988
12439
14702
12153
14721
12575
14783
12268
14504
12216
14575
12335
16444
14870
16839
12261
14642
12710
14823
12262
14591
12245
14515
12233
14554
12286
14692
12033
14677
12238
14533
13126
14905
12223
14575
12309
14671
12222
14552
11926
14610
12244
14621
12331
17435
12764
14575
12537
14571
12304
14519
12382
14712
12086
14547
12259
14592
12201
14556
12299
14610
12232
14516
15301
15143
12060
14551
12268
14541
12169
14715
12108
14518
12245
15971
12570
16422
12568
14580
12107
14444
12240
14607
12253
14419
12406
14595
12210
14581
12259
14567
12174
14602
12276
14536
13081
15331
12262
14440
12025
14730
12365
14497
12181
15659
12203
14502
12259
16405
12441
14645
12206
14555
12292
16132
12235
14761
12294
14640
12298
14748
12343
14529
12203
14603
12316
14563
13035
14859
12258
14578
12264
14767
12313
16147
12183
14670
12371
14553
12214
16258
12342
14773
12148
14678
11987
14798
12255
14590
12306
14553
12244
14712
12258
14736
12552
14423
12057
14538
13151
14705
12273
14526
12182
15816
12303
14591
12276
14484
12266
14570
12168
16437
12698
14787
12155
14564
12009
44474
12282
14840
12125
14626
12203
14835
12470
14582
12789
14624
12123
14894
13183
14780
12294
15925
12666
15657
12338
14573
12220
14680
12057
14553
12221
16393
12478
14682
12049
14877
12254
14557
12297
14526
12166
14543
12251
14566
12323
14698
12284
14942
12185
15762
13338
14589
12304
14552
12375
14489
12548
14517
12431
14652
12199
14753
12003
16333
12598
16210
12110
14625
12388
14825
12239
14682
12226
17125
12493
14702
12647
14844
12274
15720
12252
14609
13058
14540
12264
14655
12228
14562
12029
14709
12144
14514
12089
14815
12237
16354
12495
14562
11940
14598
11984
14562
12192
14636
12252
14496
12182
14688
12100
15800
12387
14913
12226
14487
13032
14593
12286
14531
12212
14629
12188
14570
12206
14586
12022
14593
12114
16417
12662
14635
11894
14942
12185
14853
12568
14670
12181
14619
12266
15730
12346
14600
12559
14532
12305
14464
13575
14792
12733
14564
12325
14464
12220
14752
12326
14482
12036
14647
12318
16718
12642
14539
12071
14474
12017
14865
12214
14638
12238
15901
12248
14646
12339
14494
12069
14646
12256
14674
12974
14521
12337
14646
12247
14873
12285
14549
12361
14607
12956
14633
12312
17811
12640
14636
12254
14521
12032
14799
12282
15697
12340
14596
12266
14503
12222
14453
12383
14621
12270
14527
13116
14622
12291
14581
12254
14590
12301
14750
12051
14571
12115
14758
12078
16562
12572
14665
12474
14587
12253
15848
12257
14760
11969
14704
12289
14644
12362
14551
12340
14569
12104
14550
13165
14699
12278
14947
12380
14508
12039
14670
12247
14492
12810
14361
12374
16306
12697
14605
12268
15579
12040
14854
12183
14590
12119
14640
12305
14555
12651
14595
12504
14496
12196
14506
12960
14783
12047
14498
12207
14686
12204
14661
12214
14475
12256
14563
12302
16286
12473
16405
12182
14655
12285
15167
12294
14514
12173
14631
12830
14740
12125
14568
12325
14567
12370
14593
13423
14544
12110
14786
12365
14475
12216
14585
12316
14520
12006
16010
12339
17380
12665
14510
12214
14541
12287
14658
12159
14510
12303
14665
12308
14577
12258
14858
12390
14532
12264
14564
13162
14640
12233
14571
12377
14488
12312
14529
12240
14881
12415
15901
12311
16511
12685
14641
12595
14670
12306
14734
12371
14608
12564
16369
12246
14685
12575
14718
12327
14657
12487
14650
12959
14698
12146
14501
12317
14959
12245
14780
12273
15703
13450
16708
12502
20234
12735
14667
12472
15105
12361
14605
12438
14476
12516
14528
12272
14787
12282
14459
12308
14509
12151
14519
15072
14784
12235
14597
12058
14395
12559
15617
12281
14537
12349
14806
12268
16462
12687
14709
12747
14779
12223
14534
12114
14703
12255
14540
12293
14597
12310
14609
12365
14775
12338
14579
13007
14537
12185
14529
12341
15846
12455
14689
12194
16108
12247
14388
12119
16486
12453
14512
12074
14786
12293
14547
12431
14554
12184
14470
12363
14493
12274
14465
12347
14550
12193
14476
12883
14411
12422
15674
12250
14553
12490
14702
12250
14463
12160
14774
12157
16310
12634
14486
12478
14635
12309
14559
12196
14515
12337
14582
12149
14629
12186
14642
12237
14583
12259
14473
13070
16180
12308
14802
12327
14505
12266
14423
11977
14775
12221
14479
12076
16601
12905
14629
12272
14706
12101
14437
12242
14549
12202
14419
12161
14639
12243
14580
12252
14513
12253
15587
13008
14612
12584
14810
12333
14548
12260
14492
12173
14624
12161
14571
12214
16298
12692
14632
12312
14489
12299
14662
12308
14526
12210
15028
12472
14735
12260
14513
12541
15843
12444
14596
13127
14778
12307
14648
12308
14709
12453
16197
12283
14540
12254
14681
12557
16423
12722
14587
12266
14782
12281
14595
12226
14681
12189
14574
12253
14545
12316
15729
12263
14651
12222
14544
13091
14812
12502
14595
12237
14482
12292
14552
12169
14517
12350
14551
12235
16277
12710
14547
12266
14611
12234
14517
12148
14654
12135
14570
12262
15814
12135
14594
12232
14739
12236
14643
12926
14833
12232
14572
12284
14640
12223
14492
12216
14598
12373
14506
11983
16571
12766
14591
12281
15021
12504
14571
12552
14694
12316
18599
12189
14607
12323
14567
12298
14861
12275
14534
13289
14518
11951
14545
12169
14523
12244
14501
12238
14513
12212
14575
12182
16382
12450
14519
12714
14606
12333
14581
12317
15900
12298
14532
12240
14544
12302
14554
12073
14581
12227
14402
13027
14562
12271
14657
12110
16227
12327
14430
12060
14728
12228
14488
12121
16325
12656
16014
12583
15749
12485
14797
12238
14610
12298
14468
12101
14518
12448
14563
12844
14484
12293
14787
13034
14665
12566
14538
12347
14586
12185
14569
12260
14640
12300
14546
12244
16337
12842
15616
12403
14833
12186
14606
12093
14604
12289
14517
12142
14630
12401
14555
12177
14485
12212
14550
13028
14546
12104
14514
12185
14667
12252
14471
12245
14591
12044
14529
12344
17660
12374
14840
12408
14711
12280
14655
12130
14459
12224
14818
12186
14639
12205
14543
12278
14619
12290
14365
13065
14464
12298
14541
12787
14783
12265
14581
12241
14511
12189
15682
12410
16592
12609
14751
12253
14531
12346
14460
12240
14512
12318
14513
12294
14465
11962
14823
12228
14536
12269
14579
17728
16664
12362
14574
12366
14528
12346
14613
12009
15847
12279
14581
12217
16352
44630
14910
12292
14558
12606
14680
12260
14566
12286
14438
12266
14794
12075
14551
12244
14548
12180
14573
13039
14535
12382
14937
12280
14681
12335
15748
12266
14544
12185
14884
12286
16473
12671
14632
12596
14910
12019
14588
12270
14700
12062
14639
12275
14600
12236
14486
12297
14749
12276
14405
12852
14619
12306
14566
12194
16035
12062
14657
12168
14662
12188
14487
12319
16334
12475
15057
12739
14566
12075
14523
12259
14747
12259
14575
12105
14543
12453
14583
12344
14516
12235
14485
15116
14732
12276
15788
12312
14706
12151
14489
12267
14634
12204
14508
12052
16577
12314
14609
12311
14640
12339
14696
14642
14592
12193
14687
12394
14516
12028
14463
12657
14951
12264
16219
13147
16180
12345
14846
12379
14558
12123
14595
12102
14715
12246
14639
12619
16500
12548
14861
12089
14658
12059
14562
12152
14421
12351
14627
12255
14724
12233
14506
12016
14406
12456
15678
13132
14914
12088
14567
12285
14745
12071
14515
12335
14579
12187
14413
12216
16486
12402
14628
12204
14611
12223
14860
12123
14824
12241
14427
12212
14678
12306
14395
12209
15774
12504
14670
13032
14614
12106
14546
12271
14599
12270
14507
12276
14465
12274
14512
12200
16306
12626
14815
12282
14588
12219
14625
12405
14856
12075
14534
14880
14742
12568
15701
12369
14503
12213
14806
13064
14794
12264
14606
12273
14701
12194
15773
13500
14864
12274
14612
12220
16354
12671
14612
12335
14571
12282
14558
12040
14646
12251
14651
12228
15677
12300
14634
12406
16145
12285
14562
13109
14605
12268
14693
12433
14663
12282
14594
12252
14448
12287
14543
12250
16401
12722
14742
12506
14388
12282
14615
12227
14526
12239
15790
12245
14571
12167
14719
12124
14510
12157
14481
12983
14537
12768
14509
12246
14874
12131
14674
12346
14626
12246
14450
12244
16349
12647
14664
12262
14650
12206
14565
12199
15658
12250
14462
12343
14543
12295
14759
12094
14502
12130
14441
12885
14522
12069
14469
12249
14599
12315
14491
12061
14594
12246
14583
12163
16333
12766
14908
12264
14749
12238
15931
12533
14611
12283
14626
12218
14564
12296
14579
12300
14598
12564
Average throughput: 71520.526391 op/s latency: 13.709200 usec
Done!
