Run the test of 10000 requests
1 blocks in total, max key is 31
Cache built. 1 layers 1 entries in total.
thread 0 op_count 10000
44291
19778
16887
19142
14424
12590
13850
12352
13899
13964
12706
13850
13843
12537
13847
13971
12528
13919
12394
13773
15362
12219
13976
14084
12489
14013
13840
12507
13924
12313
18025
14089
14650
13968
14065
13691
14547
13897
12612
14194
14161
12640
14133
12400
15366
14173
12654
14532
14236
12628
17021
12808
15613
15152
12753
14935
14921
12980
14954
12535
14981
15060
12864
14935
16862
12549
14992
13284
16347
15295
12665
14869
15233
12476
15086
12712
15356
15531
12501
14957
15151
12593
14928
12365
15233
14890
12524
14917
14804
12519
14909
12251
16217
15098
12573
14987
16946
12477
15265
13676
15665
20433
12467
15791
19320
12443
15121
12646
15339
15486
12954
14952
14971
12791
14923
12359
16189
15089
12493
15052
14926
12657
14930
12481
15019
15188
12594
14957
16783
12451
19814
13340
15040
15173
12853
15050
14920
13068
15200
12349
16304
15071
12758
14994
14921
12964
15014
12448
15267
15028
12686
14940
14973
12577
14941
12534
15008
15067
12501
14913
16831
12565
15047
13168
16246
15064
12545
14946
14959
12588
15145
12244
14930
15010
12609
14944
14920
12546
14894
12630
14930
14979
12853
15201
14983
12555
14846
12289
16300
14967
12302
15081
17094
12541
14939
13471
15317
14835
12606
15212
15159
12549
14977
12274
14849
15446
12622
14985
14899
12536
14974
12298
16133
15294
12731
15329
14905
12599
14863
12327
15033
15120
12369
15313
16832
12589
14852
13303
15054
14972
12552
19176
14975
12543
15103
12272
16383
15092
12928
15030
14951
12565
15023
12369
14912
14973
12490
14845
14889
12273
14973
12502
15125
14943
12627
14888
16937
12509
14940
13266
16401
14980
12485
14901
15022
12570
14890
12391
15143
15061
12445
15054
14927
12583
14978
12643
14886
15229
12542
14863
14984
12538
14992
12395
16151
14944
12599
14935
17114
12515
15169
15466
15082
15474
12370
15056
15172
12275
14904
12392
14928
15262
12551
15202
15171
12665
14986
12356
16478
14917
12616
15201
15062
12561
14914
12334
14919
15248
12866
14934
16912
12527
14992
13256
14984
14860
12623
14990
15146
12703
14964
12383
20425
15446
12401
15119
15223
12486
15012
12211
15239
14976
12532
14919
15140
12679
14966
12333
14965
14944
12696
15141
17036
12691
15395
13510
16329
15029
12514
14936
15047
12724
14961
12335
14907
15208
12557
15065
14902
12569
15250
12305
15152
14896
15532
15536
14944
12674
15122
12419
16095
15245
12561
14870
16850
12571
14930
13468
14851
15062
12493
15052
14886
12649
15431
12286
14910
14929
12552
14964
15233
12544
15024
12407
16153
15306
12596
15080
14855
12449
14825
12350
14910
14886
12698
14940
16975
12454
15024
13211
14933
14869
12278
14997
15236
12845
14935
12473
16303
15127
12804
14934
19217
12657
15010
12437
14968
14925
12510
15191
14820
12485
14774
12374
14892
14980
12923
15289
17019
12495
14915
13065
16359
15020
12595
14876
15008
12678
15058
12355
15050
15323
12839
15468
15034
12833
15855
12531
15594
15057
12550
15160
14865
12597
14804
12665
16509
15039
12863
15489
16892
12916
17549
15238
15339
15399
12466
14995
14787
12355
14931
12566
14987
15290
12531
14990
14954
12611
14861
12314
16388
15112
12323
14886
15012
12704
15550
12462
15218
15242
12928
15245
17135
12503
14926
13575
15331
15282
12622
15002
14942
12280
14904
12333
16347
14985
12701
15137
14981
12567
15364
12373
15139
19634
12504
15025
14983
12574
14906
12559
15041
15206
12641
14866
16831
12562
14991
13409
16302
14984
12468
14912
14926
12527
15235
12570
14900
15268
12609
15149
15102
12698
14909
12398
14885
14991
45726
15065
15004
12588
14802
12422
16286
15287
12871
14919
16926
12648
14851
13463
15292
15096
12543
15302
14872
12379
14956
12317
14930
14945
12575
14953
14959
12542
14908
12423
15986
15339
12702
15014
15033
12592
14926
12338
15147
15299
12760
14953
16884
12439
15228
13299
15292
14894
12619
14883
15087
12634
14844
12352
16443
15071
12755
15235
14861
12602
14981
12432
15405
15366
12572
14921
14947
12413
19510
12491
14910
15165
12348
14945
16703
12746
14936
13125
16261
16976
12483
15050
15342
12640
14872
12370
14965
15042
12562
15373
15199
12839
15507
12471
15012
15269
14229
15440
15110
12234
16600
12509
15272
14917
12602
15051
16738
12750
14909
13377
15438
15284
12757
14959
15037
12559
15004
12323
14882
14932
12578
15560
14952
12528
16368
12339
14924
15269
12296
15286
15283
12542
14854
12348
14919
14987
12630
14898
17108
12594
15232
13403
15239
15159
12785
15311
14877
12700
16315
12622
15064
14978
12854
15363
15285
12576
14953
12422
15016
15081
12559
15001
14875
12802
14969
12617
14960
19466
12556
14969
16982
12473
16621
13214
15441
15244
12542
14940
14919
12777
14915
12438
14827
15124
12536
15031
15181
12609
14780
12500
15029
15002
12555
14751
14974
12651
16363
12680
15263
15454
12938
15343
16870
12568
14878
13161
15201
14977
12539
15105
15126
12609
15063
12378
15182
14884
12616
15125
15114
12606
16254
12737
15348
15116
12599
14988
14905
12494
14983
12525
14951
15256
12575
15012
16733
12597
14888
15362
15347
15103
12903
14894
15206
12534
16171
12480
14910
15171
12740
15373
15978
12622
14904
12435
15001
14991
12561
14829
14958
12535
15111
12534
15092
15214
12590
14937
16812
12565
20836
13319
15337
14857
12569
14888
14865
12790
14894
12284
15239
15050
12626
14967
14943
12499
14917
12664
14984
15086
12559
14861
14880
12566
16193
12784
15362
15000
12598
15114
16812
12539
15218
13092
15202
15496
12526
15008
15154
12584
14920
12377
15002
14846
12669
14898
15156
12861
16315
12448
14955
14921
12518
14912
15069
12668
14958
12642
14908
14932
12634
15003
17139
12448
15053
13431
14976
14847
12479
14956
14892
12595
16019
12400
14924
14921
12568
14916
14783
12683
15107
12349
14893
17943
12786
14972
15343
12733
14923
12439
14892
14912
12506
15015
16848
12545
16105
13482
14939
14884
12606
19326
15113
12898
14885
12487
14744
14910
12610
14932
15037
12699
15029
12421
14907
14888
12564
15164
14863
12737
16077
12407
14988
14930
12489
14869
16759
12575
14915
13194
14924
15226
12639
14965
15044
12470
15019
12252
15122
15194
12628
14903
15272
12638
16200
12379
14955
14951
12573
14836
14868
12664
14865
12388
15026
15129
12656
14821
16875
12520
15025
13605
14928
14911
12498
15053
14946
12574
16162
12654
15045
15202
12587
14864
14970
12641
15084
12349
14937
14852
12532
14974
14959
12572
14887
12388
14856
15110
12851
14888
17034
12499
16368
13312
14989
14996
12574
15092
15465
12479
14908
12353
20135
14950
12631
15025
14888
12529
14791
12317
14884
14860
12820
14880
14994
12573
16491
12639
14885
14999
12609
15118
17190
12440
14979
13193
14972
14909
12540
14960
14877
12603
14942
12624
15079
14915
12578
15131
14833
12655
16148
12397
14996
15061
12804
14936
14849
12659
14803
12394
14852
15109
12532
15145
16915
12471
14789
13259
14950
14964
12560
14787
15217
12560
16361
12465
15815
15022
12682
14812
14885
12496
15010
12423
14896
14907
12477
14947
14860
12650
14801
12219
14901
14966
12484
15669
16782
12403
16060
13180
14984
14901
12469
14808
15029
12556
14790
12238
14975
15064
12936
14931
18603
12562
15184
12333
15129
14942
12466
14842
14726
12544
16180
12326
15196
14720
12769
14793
16831
12468
14816
13245
15030
15422
12657
14883
15230
12546
14999
12269
14904
14831
12578
14964
14831
12618
16387
12568
14856
15192
12542
14946
14722
12643
14735
12459
14959
15011
12505
15177
17075
12379
15121
13196
14944
15029
12596
15265
18191
12525
16617
12491
15051
15111
12513
14875
14902
12687
14837
12342
14888
15044
12514
14859
14777
12894
14881
12314
14866
14987
12480
14951
16796
12755
16069
13365
14940
15067
12489
15233
15203
12725
14894
12436
14857
14926
12528
14953
14939
12565
14888
12380
15028
19293
12536
14893
14881
12682
16169
12381
15089
15220
12484
14903
16911
12543
14905
13337
14910
14927
12610
14864
15005
12442
14926
12342
14972
14827
12772
14899
15077
12588
15928
12548
14986
15046
12482
14793
15238
12578
14962
12324
15486
14883
12642
14877
17133
12512
14783
13270
14944
14804
12521
14793
14891
12511
16275
12555
14911
15249
12666
14950
15313
12641
14899
12376
14930
14996
12533
14869
15003
12829
14812
12671
14905
14893
12645
14913
17009
12386
16569
15270
15239
14997
12474
15129
14845
12591
14750
12391
15075
14788
12665
15035
14874
12822
14854
12616
14820
14852
12583
15121
14823
12637
20731
12909
15471
14931
12573
15048
18191
12707
14859
13362
14938
15004
12577
14804
14916
12586
15085
12447
14893
14999
12861
14868
16408
12598
14910
12387
14841
15012
12549
14912
15142
12739
14874
12331
14941
15342
12539
14987
16966
12756
14824
13261
14889
15010
12535
15115
16346
12531
14804
12364
14954
15005
12622
47194
14773
12602
15024
12369
14862
14771
12684
14850
15044
12822
14885
12338
14900
14998
12510
15121
18369
12524
14892
13364
15043
15210
12501
15189
15272
12452
14973
12276
14972
14941
12604
14931
15495
12620
15409
12434
14882
15289
12599
14978
16299
12564
14864
12678
14891
19020
12849
15143
16964
12884
14919
13254
14914
15200
12553
14967
14875
12656
14852
12354
14857
14925
12536
14984
16225
12590
15010
12444
15303
14930
12577
17720
15192
12625
15039
12450
15020
15160
13154
15149
17029
12372
14916
13188
15407
15218
12621
15356
16201
12592
14893
12243
15110
14921
12505
14782
14876
12492
15070
12304
14878
14905
12468
14977
15021
12591
14801
12771
14866
15023
12453
14977
18274
12510
15049
13609
15298
15094
12573
14993
14941
12521
14875
12622
14864
15218
12344
15082
14865
12559
14872
12400
14875
14862
12536
15179
15908
12534
14819
12574
15269
15050
12488
14942
16933
12486
19004
13196
14931
14799
12669
14769
14824
12551
14804
12257
14871
14841
12780
15031
16288
12549
15114
12403
15024
14898
12567
14810
15006
12506
14934
12336
14953
15121
12723
14969
16968
12592
14797
13380
14845
14929
12500
14924
16183
12650
15491
12376
15018
15386
12818
14922
15074
12694
14831
12693
14931
14890
12506
14932
15046
12596
14827
12750
14874
14923
12576
14924
18210
12533
15000
13227
14865
14981
12416
14799
14798
12532
14810
12429
14755
14990
12614
14870
14996
14625
16561
12389
14932
14864
12522
14831
16422
12542
14797
12363
14888
15130
12549
15025
16789
12408
14846
13229
15640
15201
12578
19900
14858
12613
15180
12624
14779
15280
12455
15027
16073
12523
14826
12428
14981
15018
12584
14795
15034
12478
14980
12370
14931
14887
12495
14856
17043
12492
15400
13500
14969
15190
12570
14776
16363
12581
14891
12319
14888
14894
12483
15168
14780
12850
14797
12283
15161
14937
12472
14782
14842
12447
14850
12305
14854
14871
12505
14733
18077
12512
14815
13147
14867
14966
12418
14873
14837
12519
14797
12558
14976
14846
12585
15326
15093
12529
14929
12387
14933
14924
12839
14972
16193
12550
15162
12333
15163
14989
12598
15131
16855
12466
15129
13347
15112
14867
12520
15198
15728
14700
15326
12475
19279
15060
12642
15298
16325
12487
14916
12329
14826
14968
12532
14928
15235
12546
14872
12361
14897
14932
12569
14964
16873
12650
15003
13227
15293
14893
12519
14803
16314
12692
15168
12805
14935
14881
12585
15034
14865
12667
14834
12665
14857
15232
12691
15353
14988
12593
14954
12551
14922
15048
12625
14842
17900
12579
14925
13712
15471
14912
12565
14862
15161
12603
14889
12314
14926
14957
12537
14965
14903
12547
14935
12374
14946
15027
12516
14834
16044
12493
14777
12366
15020
15060
12545
14893
16845
12540
14949
15371
14967
14954
12528
14941
15100
12521
14775
12602
14923
15204
12469
15001
21061
12589
15239
12562
14988
14833
12555
14826
15178
12530
14907
12573
14859
14986
12520
15027
16774
12452
14872
13421
15403
15206
12915
14839
16146
12466
15455
12558
14933
15316
12907
14843
14979
12451
14826
12375
14855
14950
12808
14779
15248
12528
14919
12355
15144
14984
12610
14975
18169
12476
14962
13633
14850
15117
12514
15376
14812
12646
14750
12541
14940
15049
12609
15035
14901
12546
15228
12643
14897
14859
12589
14891
16193
12511
15110
12387
14932
14918
12533
14855
17196
12504
15262
13608
15011
15056
12574
14948
14874
12574
14834
12365
14918
15314
12865
15349
16446
12568
14909
12369
14974
19748
12829
14889
14922
12971
14873
12391
14918
14928
12686
15145
17030
12474
15010
13300
15221
15476
12512
14931
16194
12512
14920
12689
15310
15067
12629
15356
14930
12480
14930
12290
14902
15165
12610
14949
14998
12481
14896
12257
14911
15259
12772
14973
18235
12650
15413
13193
14895
14870
12528
14833
14919
12537
14963
12280
14924
15137
12724
15015
15020
12486
14906
12390
14929
14948
12586
14928
16035
12566
15032
15626
15346
15309
12526
14887
16766
12474
14833
13407
15027
14819
12546
14847
15157
12809
14851
13394
15331
14896
12549
16432
15065
12479
14811
12387
15181
14959
12438
14774
17152
12656
14884
12322
14871
15088
12944
15395
16867
12459
14958
13443
15037
14920
12896
16544
14942
12885
14888
12420
15106
15253
12598
15360
14844
12606
14837
12385
14857
15297
12665
14886
14787
12774
15208
12789
14953
14862
12575
16263
17011
12523
14891
13351
15228
14895
12579
15430
14964
12638
14933
12330
15120
14825
12614
15084
14888
12602
14994
12665
14864
15162
12572
16165
14870
12790
14909
12623
14879
14883
12588
14915
16761
12575
14950
13795
15466
14991
12568
15067
14890
12540
14879
12455
14946
14980
12575
16007
14819
12558
15119
12431
15049
14900
12608
15184
15067
12538
14968
12437
15227
17302
12599
14961
16779
12435
14928
16930
15113
15218
12441
16766
14842
12551
15013
12423
15105
15016
12536
47438
14779
12667
14810
12375
14844
15075
12546
15197
14857
12585
14846
12409
14803
15015
12590
16047
16802
12830
14884
13337
15577
14887
12565
14981
14984
12544
14898
12450
14921
15115
12602
14995
15210
12804
15004
12395
14922
14852
12588
16009
14863
12548
14815
12413
14882
15246
12857
14794
16810
12496
14964
13765
15161
15044
12577
14845
14882
12635
15042
12528
14944
15133
12948
16145
15103
12460
14981
12314
15137
14986
12527
14819
14847
12478
14866
12608
14876
15072
12778
14835
16930
12640
16971
13524
15015
14928
12911
16397
14940
12635
14816
12414
14979
15011
12615
14887
14881
12519
15036
12618
14871
14892
12570
14722
14833
12584
15219
12352
14947
14894
12591
16265
17067
12561
15413
13835
15120
14940
12550
14839
14880
12547
16386
13194
15499
14972
12624
14953
14882
12415
14943
12377
15172
14971
12452
16124
15025
12601
14768
12381
15330
15271
12923
14913
16815
12491
14782
13483
15118
15051
12707
15094
14904
12598
14925
12341
14922
15033
12620
16167
15042
12497
14904
12366
15016
14957
12600
14834
15082
12614
14838
12937
15224
14889
12617
14930
16836
12442
14962
15319
15067
14895
12558
18678
15248
12592
14853
12347
14938
14831
12694
15075
14893
12785
15330
12518
14914
14915
12498
14821
14927
12524
15076
12645
14944
14911
12606
16938
17017
12645
14915
18310
16117
14880
12801
14805
15291
12532
15023
12668
14880
14920
12581
14933
14831
12813
14909
12601
14816
14974
12568
15981
15157
12675
15438
12385
15008
14885
12585
15016
16714
12573
14795
13680
14865
15109
12722
14927
14819
12605
14911
12306
14915
15070
12663
16360
15169
12821
14822
12380
14968
14917
12619
14932
14882
12466
14903
12392
15065
15045
12533
14847
16782
12482
14937
13588
15287
15181
12801
16035
14805
12534
14974
12278
17442
15091
12656
15018
15223
12534
14939
12250
14921
15040
12462
15777
14910
12592
15215
12366
14953
14987
12547
16167
16804
12494
15033
13253
15083
15185
12755
14925
15240
12512
14886
12469
14901
14963
12589
14979
15111
12800
15362
12562
14931
14923
12487
16082
15256
12506
15027
12605
14872
14962
12613
15093
16854
12407
15221
13682
15377
15035
12698
14886
14963
12518
15428
12443
15005
14948
12522
16299
14881
12644
14868
12388
14864
15104
12474
14834
15395
12467
14848
12381
14854
14914
12796
14846
16887
12500
14787
13286
14887
14962
12621
16136
14908
12488
14860
12413
14812
14953
12748
14990
17417
12656
15103
12449
15033
15083
12820
14966
14934
12548
15232
12416
16977
15119
12984
16597
16978
12532
14917
13328
14976
15103
12542
15206
15223
12515
14978
12356
14983
14875
12571
15021
14967
12562
14858
12461
14837
14963
12541
16260
15269
12605
14979
12632
15359
15476
12572
14717
16909
12445
15118
13430
14899
15513
12618
15262
14953
12727
14975
12374
15206
14833
12580
16329
15250
12579
14994
12381
14939
14971
12581
14821
15045
12628
14864
12460
14884
14903
12586
14924
16950
12448
14878
13521
15304
14923
12585
16162
15143
12551
14925
12485
14866
14989
12499
14982
15244
12540
14868
12357
14917
17262
12544
14906
15077
12572
14894
12384
14929
14924
12520
16036
16807
12520
15145
13384
15181
14799
12632
14943
15135
12797
14979
12273
15069
15060
12558
15037
14856
12683
14861
12599
14864
15144
12952
16101
15032
12531
15126
12356
15051
14992
12610
14862
16822
12488
14874
13450
14937
15172
12761
14867
14866
12652
14879
12383
15122
14867
12642
16315
14944
12564
15053
12586
14926
15248
13396
15271
15086
12645
15509
12462
14905
14869
12701
15091
17015
12484
14901
13401
14868
16887
12550
14972
14968
12473
14854
12310
14845
15178
12648
14860
15401
12399
15009
12561
14913
14882
12541
15378
17384
12866
15061
12422
14797
16427
12570
14851
16894
12548
15296
18143
14994
14984
12485
15142
14914
12476
14923
12568
14950
15163
12542
14964
14943
12550
14854
12552
14933
16383
12601
14919
14936
12635
15061
12374
14877
15061
12517
14861
17085
12461
14872
13560
15322
14891
12580
15207
15044
12525
14858
12412
14920
16376
12555
15160
15214
12652
14930
12410
15087
14976
12584
15170
15445
12472
14923
12344
14963
14937
12611
14873
17443
12485
14935
13420
14879
16076
12502
14848
14868
12479
14962
12353
14991
17838
12798
15212
15509
12568
14963
12502
14852
14970
12550
14882
14873
12431
14948
12321
15227
18594
12828
14923
16696
12543
14934
15416
15312
15084
12570
14805
15241
12444
15151
12282
14872
14878
12589
15133
15155
12715
14912
12379
15001
16091
12570
15110
14893
12629
14810
12404
14842
15148
12789
14910
17161
12392
14948
13483
15246
14884
12554
14976
14788
12537
15020
12286
14736
16228
12695
14947
14922
12585
14968
12371
15259
14887
12543
15200
15029
12526
14702
12465
14898
14909
12567
14870
16916
12505
14901
13309
14995
16139
12632
15237
14921
12529
15193
12373
14814
15145
12905
14907
15012
12589
14943
12507
14974
14986
12571
15326
14871
12436
14893
44891
14916
16411
12557
15029
16815
12933
17587
13878
15265
14945
12514
15245
14985
12494
15350
12433
15012
15401
12507
14905
14884
12673
14992
12378
14883
16039
12499
14898
14905
12542
14995
12338
14972
15124
12957
15348
16980
12541
14859
13327
15032
15104
12454
14858
14815
12536
15088
12361
15060
16396
12529
14886
15223
12612
14864
12412
14841
15038
12637
14957
14961
12604
14883
12458
15068
15471
12845
15344
16874
12459
15028
13252
15103
16148
12444
14917
14862
12544
14912
12300
14819
14936
12516
14845
15222
12821
14795
12362
14976
14849
12677
14887
14833
12630
14908
12313
15216
16485
12570
15390
16970
12370
14906
13270
15134
14965
12512
17278
14891
12836
14802
12309
15023
14900
12497
14906
15191
12499
14880
12295
15128
16195
12654
14961
15233
12560
14859
12303
14917
14911
12760
15031
16771
12615
14974
13285
15354
14959
12518
14914
14956
12778
14886
12650
14873
16157
12507
15115
14911
12633
14858
12481
15100
14908
12631
14829
14888
12795
14903
12353
15018
15093
15300
15086
16932
12577
14875
13364
15549
16302
12517
14848
15012
12526
14965
12568
15385
14927
12591
14991
15029
12634
14964
12603
14925
15285
12769
14942
15099
12452
14953
12317
15050
16188
12570
14931
16862
12589
14916
13437
15152
14959
12680
15211
15518
12532
14946
12446
17668
14888
12628
15218
15250
12807
14958
12662
14863
16338
34089
16476
14953
12629
14942
12350
15025
14808
12713
14822
16849
12511
14943
13708
14946
15015
12475
15147
14750
12575
14947
12568
15001
16127
12722
15349
14804
12536
15023
12282
14914
14953
12567
14938
15071
12726
14962
12382
14941
14915
12649
14812
16972
12411
14982
13270
15103
16116
12656
14894
14825
12632
15414
12352
14985
15239
12307
15306
15440
13017
14974
12508
14815
14962
12469
15078
14789
12360
14908
12365
14805
16040
12323
14913
16647
12619
14884
13354
15231
14872
12499
15033
14940
12502
14862
12700
14750
15139
12510
14980
17213
12667
14932
12303
14813
16269
12624
14852
14856
12521
14787
12374
15082
15134
12570
15155
16790
12647
15093
13502
14942
14878
12437
14905
15117
12438
15933
12251
15189
16064
12589
14984
14871
12581
14871
12380
15090
15429
12506
14965
14793
12598
14860
12297
15161
14921
12537
14890
16820
12455
15018
13405
14933
16788
12425
15004
14972
12591
14749
12679
14937
15114
12629
15069
14900
12492
14919
12370
14779
14892
12428
15027
14722
12649
14812
12521
14861
16136
12664
14969
16853
12456
15094
13419
15297
14960
12498
14821
14813
12601
14859
12630
14897
14826
12327
14956
15118
12410
15053
12517
15006
18739
12471
14920
14768
12671
14907
12696
15517
14882
12591
15089
16990
12613
15200
15320
15019
14832
12558
15025
14822
12582
15213
12317
14969
16524
12421
18259
15238
12574
15442
12686
15063
14799
12603
14782
14806
12453
14866
12676
15364
15480
12519
15019
17925
12635
15154
13320
16475
14910
12630
14778
14842
12625
14893
12422
15042
14902
12488
15040
14973
12637
14834
12756
15285
14911
12512
14777
14820
12302
14884
12327
16194
15128
12965
14895
16700
12601
14820
13330
15025
14939
12525
14779
14934
12470
14858
12296
15012
14770
12355
15372
14729
12640
14838
12435
15846
14933
12522
14931
17443
12502
14879
12696
14982
14813
12612
14830
16769
12507
14947
13251
14792
15043
12572
15161
14868
12593
14868
12252
16499
14948
12517
14886
15220
12635
15435
12314
14830
14835
12605
15099
14939
12669
14853
12536
15225
15163
12692
14887
16764
12534
14950
13223
16108
14859
12751
14817
14978
12429
14786
12396
14817
15431
12615
14818
15222
12612
14842
12378
14823
14909
12577
14810
14832
12686
15451
12594
16735
14919
12314
14972
16780
12472
14891
13181
14959
14888
12625
14802
14881
12472
14711
12444
14884
14874
12529
15261
15483
12545
14884
12393
16074
14844
12553
14830
14847
12592
15082
12331
15129
17350
12469
14859
16740
12492
14832
13205
15199
14984
12505
14933
14908
12477
15085
12267
16254
15368
12608
15613
14813
12649
14848
12493
14794
15004
12533
14752
15017
12474
15012
12373
15103
14919
12414
14800
17035
12642
14851
13685
16140
15026
12429
15219
14738
12696
14807
12298
14886
14819
12927
14929
15018
12306
14879
12329
14919
15161
12566
15060
15190
12477
14978
12339
15987
14797
12613
15049
16996
12503
15161
13236
15178
15188
12842
14903
14817
12700
14686
12400
14959
14837
12413
15025
15146
12686
15036
12419
16425
15289
12597
14874
14808
12535
14960
12378
17513
16161
12654
15182
17064
12552
27003
13970
15392
15216
12560
14876
14979
12566
14940
12362
16405
14972
12350
14957
14957
12584
14922
12394
15070
14866
12611
14864
14832
12620
15036
12372
15026
15012
12521
14837
16865
12352
14922
13226
16429
14893
12614
14886
14811
12598
15158
12434
14962
14829
12589
14885
14847
12561
14885
12323
14919
14819
12655
14957
14863
12451
14966
12373
16132
14876
12517
14914
16791
12745
15244
13226
15124
15044
12676
15015
14872
12387
14864
12296
15237
15255
12722
14949
15107
12561
14901
12383
16179
15021
12492
14905
14808
12509
14999
12498
14909
14817
12630
15186
16913
12434
15045
13202
15279
15013
12534
17520
14766
12702
14838
12366
16219
45017
12509
15242
14812
12511
14892
12385
14923
15016
12495
14858
14864
12593
15016
12467
14888
14955
12589
15348
16883
12370
14900
13290
16385
15010
12755
14838
15071
12388
15084
12450
14937
14885
12449
14999
15175
12511
14925
12357
14894
14867
12537
14961
14736
12529
15370
12260
16226
15276
12564
14948
16741
12466
15148
13285
14929
14862
12494
14851
14826
12460
15015
12327
14743
15230
12668
15003
14902
12554
14862
12292
16379
14873
12585
14883
14803
12683
15050
12344
15007
14923
12508
14901
16768
12480
14940
13129
14989
15452
12467
14852
14809
12566
14932
12650
18269
14845
12889
14957
15101
12703
14896
12300
14873
14815
12322
15260
14729
12514
14891
12304
14957
14869
12670
14876
17024
12512
14840
15329
16364
14926
12510
14935
14852
12544
14951
12449
15337
14898
12585
15174
14692
12543
14865
12388
15918
17207
12388
14855
14877
12491
14930
12345
16353
15216
12378
14862
16793
12516
15047
13475
15303
14846
12510
15295
14851
12577
14942
12318
15057
15171
12583
14957
14793
12578
17343
12301
16685
15010
12820
14989
14712
12309
15042
12466
14969
14965
12528
14836
16870
12501
14896
13299
14938
15237
12613
15041
14794
12566
14807
12389
16216
15243
12454
15419
17079
12600
14976
12478
14852
14982
12564
14982
14825
12532
14874
12704
15384
15447
12615
14814
16710
12476
14877
13342
16092
14823
12471
15200
15056
12600
14858
12343
14960
15030
12529
15061
14963
12600
15039
12238
14919
14980
12627
14950
15035
12779
14972
12465
16238
14912
12463
14941
16739
12563
15312
13218
14929
14914
12691
14863
14996
12435
14843
12299
14898
15267
12552
14962
14777
12594
14883
12404
16299
14983
12420
14910
14692
12412
15097
12683
14937
15059
12717
14892
16766
12781
14870
13560
15428
14943
12517
15186
14897
12555
14991
12305
16562
15296
12610
14945
14930
12529
14877
12425
14981
17596
12503
14941
14843
12513
14981
12346
14895
14930
12548
15186
16944
12505
15193
13174
15965
15125
12607
14883
14791
12617
14866
13325
15409
14839
12704
14938
15160
12504
14923
12309
14902
14916
12555
14892
14740
12670
16494
12403
14977
20218
12562
15376
16980
12493
15265
13482
14963
14937
12536
15066
15064
12744
14988
12319
14994
14938
12615
14966
14801
12549
16261
12364
14865
15183
12693
15019
14762
12656
14762
12415
14895
15206
12480
15038
16701
12505
14916
13310
15053
14940
12614
14966
14769
12602
16201
12575
14971
15290
12507
15021
14800
12310
14998
12428
15018
14930
12627
15123
17206
12480
14985
12329
14970
14979
12487
14986
16675
12731
16114
13222
15012
14870
12529
15000
15135
12629
14990
12257
15126
14943
12512
15045
15078
12258
15107
12309
15159
14870
12499
15135
14837
12494
16573
12291
14888
14960
12535
14989
17150
12403
14886
13193
17990
15645
12622
15079
14945
12336
14954
12284
14807
15238
12475
15033
14882
12453
16527
12556
14901
14829
12596
14985
14773
12580
14919
12425
14842
15002
12594
14944
17035
12471
14842
13259
15156
15031
12514
14844
14902
12512
16294
12415
14843
15019
12548
15047
14767
12562
14918
12384
14864
15157
12759
14900
14768
12666
14903
12285
14872
17315
12588
14891
16791
12491
16229
13286
15263
14797
12605
14800
14891
12509
14933
12437
15098
14878
12567
14872
14924
12557
14853
12579
14901
14976
12560
14956
14947
13207
16951
12523
15950
15077
12633
15016
16951
12432
14800
13179
14970
14886
12500
15113
14882
12568
14845
12291
14940
14782
12671
14875
15197
12450
16808
12473
14909
14987
12453
14841
14826
12647
14796
12319
14891
15166
12423
14917
16817
12450
14887
13351
15102
14825
12524
14886
14757
12618
16424
12339
14887
14963
12547
14835
14858
12511
14881
12346
14819
14804
12838
14891
15021
12375
14909
12277
14838
15057
12410
14932
16702
12501
18942
13146
15011
14872
12638
15011
15013
12527
14914
12308
15006
14929
12494
14987
14762
12551
14845
12468
15000
14911
12456
14856
14818
12560
16022
12564
14915
15335
12492
14946
16831
12477
15117
15255
14989
14854
12442
14854
14961
12507
14854
12494
15075
15298
12518
14976
14815
12558
16161
12337
14838
14992
12461
15003
15065
12489
14968
12471
14917
14821
12543
15088
17024
12423
14850
13275
15086
15093
12491
14958
14891
12247
16554
12353
14896
15153
12712
14844
15294
12562
14846
12381
14887
14959
12490
14856
14920
12529
14807
12251
14937
14881
12554
14850
16741
12477
16037
13246
14992
14987
12553
17526
14940
12644
14672
12348
14915
14813
12482
15017
15159
12710
14995
12362
15030
14878
12611
14832
17316
12660
16549
12383
14866
15039
12726
14786
16755
12412
14821
13350
15055
14871
12646
14784
15014
12425
14877
12219
14860
15170
12825
14932
14791
12580
16075
12245
15159
15087
12552
15007
14733
12523
15075
12571
15082
15290
12573
14851
16755
12469
15196
13185
15234
14979
12603
14965
14851
12688
16432
12615
14810
14933
12545
15271
14802
12465
14869
12337
15055
14987
12525
15420
15379
12510
14888
12363
14828
14999
44651
14888
16974
12548
15971
13257
14901
14858
12517
14819
14904
12467
14850
12375
17015
14920
12556
14848
14751
12613
14868
12496
15008
14881
12495
15040
14745
12518
16348
12453
15212
15019
12647
14999
16940
12488
14809
13149
14848
14942
12576
15092
15143
12543
15222
12478
14898
14928
12524
14891
15121
12697
16123
12245
15061
15196
12558
14848
14821
12462
14938
12327
15149
15264
12723
14944
16859
12387
14902
13207
14853
14902
12695
14965
14787
12591
16185
12409
14956
14872
12589
14947
14997
12398
14921
12604
14866
14975
12503
14905
14740
12603
14885
12470
14887
15175
12524
14852
16845
12702
16310
13163
14955
14927
12619
14878
14927
12587
15059
12264
14857
14852
12693
14968
16328
12628
14760
12503
14872
14863
12618
14849
14934
12558
16157
12355
14943
14928
12562
15167
16921
12533
14861
13768
15389
14939
12606
14851
14813
12305
14847
12318
15156
15115
12654
14762
15184
12306
16306
12367
14901
14966
12507
14865
14769
12347
14759
12347
15094
14930
12628
14973
16693
12494
15042
13219
15148
14897
12717
14885
14906
12600
16002
12519
15370
14905
12571
14847
14863
12688
15024
12381
14860
14943
12509
14857
14918
12495
14906
12263
15142
14865
12348
14925
16891
12274
16238
13207
15170
14927
12540
14948
14908
14212
15416
12337
14999
14841
12663
14773
15028
12508
14933
12257
14866
16539
13440
15197
16082
12518
14936
12206
14888
14990
12516
14921
16890
12404
14863
13200
15081
14873
12538
14910
14925
12582
14803
12351
14717
15030
12632
14960
16316
12516
15400
12453
14952
15098
12487
14763
14784
12267
14879
12588
14742
14829
12365
14998
16854
12578
14842
13088
15152
15008
12641
14979
16014
12669
15153
12246
14855
14866
12519
15087
14797
12655
14916
12328
14786
14807
12354
15030
15044
12557
14886
12319
14955
15214
12679
14952
18030
12601
15348
13263
14944
14844
12574
14692
15077
12584
14811
12350
14832
14940
12552
14956
14680
12360
14830
12415
14968
14974
12465
14897
17797
12510
15117
12477
14930
14862
12934
14836
16759
12517
15171
13559
15430
14920
12435
15281
14770
12272
14865
12411
14841
15011
12556
15011
16103
12596
15028
12295
14975
15040
12539
14951
14721
12679
15021
12260
15335
15029
12623
14905
16765
12533
14909
15257
15096
14841
12465
14820
16141
12500
14921
12253
14916
14978
12393
15086
15772
12555
14967
12386
14836
14937
12617
15179
15249
12627
16006
15508
14988
15179
12806
14995
17992
12498
14975
13143
14885
14795
12582
14784
14753
12617
15219
12356
15033
15468
12515
14904
14753
12578
14797
12566
15076
15294
12549
14874
16133
12568
14899
12433
15157
17032
12499
14873
16876
12434
14854
13373
14962
15013
12524
14866
14918
12511
15249
12377
15030
14881
12511
14935
16173
12472
15209
12306
14920
14977
12561
15219
14979
12542
14944
12297
15034
15143
12895
14857
16932
12507
14849
13147
14935
14931
12588
14860
16116
12505
14920
12258
15151
15018
12746
14806
14830
12474
14860
12559
14818
15134
12768
14835
14906
12633
14989
12353
17724
15600
12470
14868
18183
12508
14864
13221
15023
15463
12426
14952
15049
12539
14949
12355
17058
15886
12838
14946
14870
12525
14922
12317
15105
15007
12445
15154
16108
12563
14912
12723
14834
15319
12522
14878
16801
12481
16670
13146
15120
14984
12561
14906
14784
12561
15041
12310
14900
15011
12729
15307
15847
12595
15196
12498
15011
14924
12553
14846
15112
12586
15224
12323
14903
14889
12522
14840
16662
12510
14858
13253
15038
14916
12589
15122
16369
12524
15004
12811
14958
15020
12581
14996
14818
12548
15179
12380
15175
14882
12710
14904
14866
12477
15168
12513
14939
14928
12457
14874
17954
12505
14962
13202
14972
14919
12598
14981
15185
12548
15020
12296
15098
15216
12534
15041
14883
12637
15384
12459
14933
14852
12598
14853
15999
12832
15369
12359
15088
14877
12561
14993
16925
12543
15348
13221
15043
14926
12460
16658
14813
12773
14858
12355
15007
14857
12325
14895
16314
12617
14964
12329
14877
15195
12704
15023
14770
12583
14856
12427
14794
14854
12597
15165
17167
12416
14910
13234
15292
14946
12607
15074
16013
12550
14939
12244
14862
15124
12565
15045
14836
12467
14935
12389
14926
15244
12498
15114
15120
12593
14772
12361
14773
15095
12798
14917
18066
12743
14994
13126
15098
14827
12593
15156
14900
12381
14850
12370
15200
15208
12748
14893
14847
12536
14820
12314
14921
14897
12559
14752
15965
12552
14919
12360
14797
14973
12601
14843
17191
12472
14857
13545
14977
14875
12439
14892
14945
12453
14889
12286
16794
14918
12496
14963
16116
12566
15185
12527
14959
14874
12562
14890
14850
12346
14858
12474
15067
15085
12580
14864
16884
12544
14748
13263
14865
14890
12314
14990
16303
12505
14887
12315
14862
14904
12684
17349
15345
12548
14886
12535
14993
14927
12512
14887
14862
12524
14891
12341
14809
14934
12463
15094
18388
12467
15169
13326
14852
15057
12537
14858
14843
12564
14840
12344
14863
15109
12538
14936
15359
12595
14956
12279
14980
15065
12430
14968
16081
44959
14853
12326
14939
15098
12850
14893
16853
12390
15028
13236
14908
14997
12464
15666
14906
12522
14879
12554
14834
14858
12618
15006
18265
12507
15056
12279
15005
15291
12329
14880
15044
12555
15056
12330
14899
14957
12575
15233
16792
12480
15223
13226
15281
14894
12588
15082
16115
12617
15025
12614
14896
14860
12587
15250
14849
12630
14971
12321
15076
15342
12929
14905
14882
12485
15190
12430
15002
14990
12515
15438
17944
12556
15411
15260
15480
14935
12448
15164
14943
12517
14854
12266
14900
14879
12849
15006
14888
12563
14758
12418
14936
14890
12836
14900
16275
12543
15025
12683
14963
15005
12876
15006
18067
12513
14858
13198
15031
15095
12554
14909
14825
12513
15170
12649
15148
15080
12507
16082
15017
12533
14926
12532
16847
14874
12483
14807
15143
12767
14832
12331
14974
14997
12519
14951
17024
12436
14790
13177
14993
15067
12454
16301
14853
12597
15118
12450
14954
14902
12653
14888
14795
12560
14894
12391
15058
15150
12887
14947
15153
12741
14913
12341
14859
15037
12557
16514
16891
12406
14959
13267
15004
14945
12481
14875
14902
12577
14856
12617
15009
15135
12519
15060
15032
12621
14946
12369
14891
15142
12868
16135
14813
12577
14891
12460
14859
14991
12619
14965
16997
12706
15050
13353
15283
15168
12743
14862
15029
12525
14931
12371
14852
15143
12525
16152
14813
12541
15119
12499
15006
15133
17692
15921
16494
12586
14887
12511
14925
15267
12361
16543
17026
12450
14946
13225
15022
15081
12547
16125
14896
12568
14887
12295
14947
14782
12507
14932
15177
12791
14764
12405
14944
14807
12735
14964
14999
12394
14932
12194
15011
15286
12552
16016
16730
12731
14828
13172
14807
15092
12554
14895
14864
12559
14909
12268
15197
15475
12506
14963
14883
12463
14923
12611
14911
14815
12584
16113
15188
12510
15005
12242
14938
14944
12549
14923
16751
12429
14954
13136
14873
14986
12504
14923
14921
12950
14881
12595
14873
14747
12610
15898
14883
12501
15013
12434
14845
14881
12529
14766
15085
12475
15099
12320
14797
16843
12509
14840
16953
12437
14918
13208
14876
15029
12576
16052
14846
12541
14961
12613
14922
14928
12590
15223
14749
12539
14990
12263
15035
14864
12611
14795
14871
12527
14835
12695
14844
15141
12490
16771
16876
12798
14916
13346
14969
14933
12453
14921
14792
12608
14816
12256
15185
14958
12473
14938
14777
12504
14841
12330
14832
14788
12454
15858
14857
12512
14875
12301
14911
15010
12467
14826
16730
12466
14736
13194
15665
15272
12580
15341
14823
12583
14874
12210
14845
14987
12961
16297
15011
12515
15042
12292
14789
14953
12452
14842
14806
12481
15061
12271
15030
14998
12600
14944
16978
12499
16557
13287
15026
14910
12601
16242
15054
12719
14812
12479
14994
15329
12503
15073
15022
12544
14787
12341
14795
14935
12559
14712
14906
12514
14812
12503
14782
14927
12577
16250
16842
12493
14876
13235
15041
14931
12492
14898
15202
12429
15084
12357
14889
14796
12555
14875
15117
12473
14878
12323
14909
14888
12545
16054
14724
12637
14835
12377
15020
14951
12535
14863
16776
12386
14847
13282
15210
14760
12671
14746
14822
12467
14739
12350
14828
15042
12495
16261
15005
12462
15047
14825
15413
15185
12843
14846
14819
12571
14855
12228
15073
15051
12475
14948
16682
12518
14797
13182
15177
14895
12525
17831
15066
12482
14967
12314
14811
14895
12599
14945
15046
12669
15016
12490
14857
14952
12512
14765
14824
12706
14863
12523
14942
14992
12560
16419
16979
12587
14989
13348
14929
14942
12542
14912
14909
12449
14887
12506
14879
14799
12884
15007
14919
12602
14955
12697
15407
14995
12533
16275
15218
12568
14958
12266
14909
14883
12570
14747
16738
12467
14858
15426
15119
14991
12662
14945
14724
12699
14901
12326
14882
14870
12512
16086
14892
12541
14995
12294
14833
14847
12458
14970
15090
12796
14889
12321
14902
15013
12497
14858
16843
12406
14849
13126
15199
14987
12537
16119
14908
12461
15029
12370
16292
14914
12548
15015
14991
12458
14896
12289
15096
14795
12541
14832
15070
12499
14846
12625
14847
14992
12565
16096
16807
12442
14854
13217
15137
14875
12587
14909
14944
12608
14867
12244
14971
14911
12743
14911
14963
12396
14845
12533
14827
14853
12814
16147
14978
12481
14766
12685
14884
15197
12485
14888
16927
12468
15185
18511
15022
14945
12467
14695
15000
12441
14784
12196
15094
14850
12539
16103
15208
13074
14827
12346
14979
14847
12588
14845
14916
12513
15065
12331
15227
14875
12705
14787
16905
12483
14781
13284
14813
15093
12472
16251
14850
12606
14768
12350
14935
14875
12552
14925
16642
12567
14858
12500
14979
15289
12524
14912
14851
12465
14873
12372
14856
14923
12600
15845
16790
12400
14786
13187
15014
14918
12566
14825
15158
12410
15009
12327
15120
14936
12575
14754
14800
12532
14872
12283
15065
14934
12542
16341
14971
12642
14860
44610
14810
14883
12635
14805
16719
12440
15075
13327
17641
15256
12506
14831
15199
12579
14882
13305
15097
16235
12394
14993
14831
12580
14836
12279
14832
14754
12794
14726
15169
12301
14938
12334
14850
15285
12519
14897
16746
12544
14794
13409
14920
16536
12613
14814
14975
12448
15009
12239
14959
15066
12534
15117
15059
12523
14768
12349
16438
15115
12579
14755
14792
12720
14886
12302
14939
16222
12599
14851
16843
13581
17258
13638
14853
14932
12469
15037
14916
12424
14848
12317
14888
14795
12537
14875
15031
12484
14881
12288
14765
19491
12860
14819
15012
12441
14808
12231
14933
15151
12517
14875
16716
12430
14793
13509
15080
15133
12395
14960
15221
12643
15003
12355
14925
16222
12754
15249
14861
12372
14928
12367
14972
14976
12489
15513
15297
12514
14848
12321
14922
14977
12763
14776
16776
12498
14838
13116
15020
16031
12581
14858
15133
12465
14932
12488
14900
15062
12566
14897
14760
12499
14735
12625
15346
14885
12632
14922
16417
12603
14859
12361
15209
16222
12525
14887
16768
12596
14944
13253
14960
14900
12519
14756
14891
12473
14766
12287
14999
14925
12543
14882
14847
12624
14866
12347
14951
16048
12471
14928
14848
12536
14750
12420
14786
14955
12389
14845
17009
12451
14975
13232
15020
14911
12472
14692
14973
12436
14859
12256
14876
16196
12637
15251
15047
12580
14799
12380
14893
15026
12459
14858
15109
12439
15004
12315
15111
15426
12974
14842
16897
12375
14829
13358
14897
16317
12477
14900
14947
12564
15026
12253
15318
15399
12417
14929
14841
12568
15043
12339
14925
15302
12486
14958
14900
12505
14894
12573
14840
17822
12529
14905
16854
12468
15079
13135
15011
14903
12562
15083
14991
12521
14745
12409
14799
14964
12788
14920
14999
12941
14763
12321
14916
16378
12547
17300
15279
12532
14778
12405
14894
14893
12557
14874
16855
12476
14908
13142
15037
14817
12562
14764
14823
12536
14761
12398
14878
16343
12556
14975
15138
12545
14955
12357
15068
15120
12647
14750
14950
12898
14802
12320
14857
14887
12593
14876
16899
12508
15007
15279
15137
16063
12555
14867
14876
12559
15027
12376
15022
15060
12558
14893
14887
12558
14824
12327
14974
14917
12547
14702
14903
12500
14839
12372
14932
16106
12782
14857
16708
12491
16470
13577
14820
15225
12507
15024
15210
12379
14848
12376
14793
15034
12932
14860
15146
12572
14915
12319
14815
16634
12799
14757
15006
12513
14825
12536
15213
15094
12572
15031
17040
12567
14907
13586
15353
14920
12462
14847
14958
12544
14847
12542
14918
16038
12577
14864
15151
12689
15003
12370
14897
14781
12658
14778
15149
12889
14737
12321
15046
15004
12529
15295
16843
12267
14894
13224
14854
16235
12546
15183
14965
12551
14890
12331
14909
15218
12744
14942
14879
12570
14845
12352
14890
15025
12525
15540
15007
12566
14798
12551
14961
16246
12576
14993
16985
12471
14980
13403
15012
14961
12487
16598
15191
12583
14945
12356
15151
14980
12673
15201
14940
12525
14890
12336
14791
16221
12547
14951
14760
12609
14814
12393
15093
14902
12642
14682
16922
12704
14884
13133
14990
14925
12526
14871
14971
12553
14768
12295
15152
16130
12783
14993
15072
12513
15009
12274
14896
14789
12533
14901
15055
12404
14744
12311
14816
14790
12554
14913
17135
12481
14930
13245
14938
16176
12470
14908
14918
12472
14883
12308
14984
14850
12543
14994
14887
12503
14803
12324
14852
14874
12533
14832
14759
12482
15188
12469
14927
16261
12560
14861
16925
12482
15000
13243
15217
14882
12557
15191
15011
12675
15140
13405
16534
15026
12527
14862
14771
12578
15068
12557
15148
16442
12601
14993
14943
12761
15338
12465
14915
14948
12516
14811
16779
12512
14855
13242
14971
15120
12511
14924
14800
12737
14906
12630
14835
16098
12569
15391
14956
12561
14936
12288
15102
15150
12784
14900
14927
12626
14752
12369
14944
14939
12637
15049
16889
12450
14824
13213
14881
15973
12479
14946
15003
12583
14857
12327
14878
14816
12471
15093
14995
12522
14889
12607
14810
14790
12566
15344
14842
12531
14893
12563
14952
16205
12668
14933
16825
12480
14925
13631
15052
15021
12508
14942
15224
12572
14938
12335
14890
14934
12505
14967
16664
12548
14840
12325
14855
16109
12526
14821
14933
12595
15433
12522
14978
14880
12593
14800
16948
12709
14849
13195
14916
14992
12545
14819
15055
12906
14825
12334
15081
20140
12561
14928
15376
12625
14903
12640
14886
14902
13390
15364
15057
12558
14909
12628
14918
14835
12604
14995
16965
12521
14856
13344
16139
14977
12522
14950
14976
12592
14782
12299
15116
15317
12795
15007
15098
12512
15021
12311
14907
14893
15929
16116
15430
12399
14800
12327
16252
14904
12621
14870
16714
12504
14725
13419
15040
14954
12504
14890
14838
12474
14923
12438
14941
14837
12519
14815
14954
12484
15032
12662
17540
14984
12476
14814
14865
12531
15007
12443
14880
14946
12510
14917
17312
12509
14791
13489
14874
14984
12504
14850
14782
12577
14896
12285
16227
15116
12498
14901
14789
12500
14773
12430
14869
15032
12808
14858
15016
12604
14973
12270
15045
14826
12595
14756
16846
12459
15183
13168
16087
14974
12510
14794
14845
12492
15055
12515
14853
44971
12591
15175
14986
12644
15053
12686
14887
14831
12576
14905
14761
12685
14818
12296
19065
15333
12578
15003
16806
12535
14908
15282
15200
14873
12625
14842
14875
12484
15118
12378
14942
14940
12578
14984
14814
12468
14840
12321
16304
14871
12637
14752
16501
12488
15029
12285
14801
15239
12587
14919
16695
12483
15007
13332
15040
15082
12587
14887
14854
12549
14798
12372
15937
14837
12525
14907
15041
12563
15107
12531
14979
14778
12525
14919
14967
12498
14815
12537
14904
14823
12539
15079
17021
12436
14700
13283
16201
15148
12474
14971
15014
12452
14903
12385
14972
15092
12776
15177
15074
12503
14883
12393
14834
14898
12583
14906
14948
12574
15294
12420
15981
15260
12601
14862
16755
12487
15143
13259
15115
14916
12507
14856
14824
12532
14887
12268
14844
14754
12518
14839
14864
12501
14716
12554
16214
14982
12471
14866
15124
12595
15008
12665
14879
16598
12827
14804
16655
12532
14852
13480
14977
14855
12543
14854
14676
12711
14827
12295
16471
14938
12511
14957
14807
12575
14787
12540
14814
15046
12550
15013
14826
12518
14920
12455
14829
14923
12509
14783
16755
12328
14722
13296
16377
15041
12591
14791
14923
12492
14810
12343
15201
15216
12546
14991
14804
12604
14751
12365
15085
14994
12511
14896
15017
12661
14976
12269
16077
15048
12864
15249
16855
12494
14996
13242
15208
14939
12501
14871
15071
12700
14909
12289
14810
14785
12553
14995
15330
12912
14820
12337
16128
15013
12683
14900
14817
12642
14805
12407
15039
14935
12459
14913
16840
12521
16626
13208
15006
14989
12556
14852
14918
12564
14933
12286
16190
15505
12569
15352
15108
12606
15264
12332
15022
15470
12485
14760
14742
12631
14890
12882
14865
15147
12544
14880
16784
12460
14805
13363
15964
14938
12518
14880
15058
12468
15016
12404
14916
14904
12437
18119
15253
12493
15110
12572
14936
14790
12642
14757
14978
12480
15235
12416
16294
15048
12564
14852
17181
12545
15419
13854
15173
15079
12603
15069
15054
12561
14844
12410
14987
14957
12631
14938
15087
12806
14912
12522
16092
14802
12644
15029
14747
12583
14770
12430
14839
14961
12514
14947
16762
12451
14847
13242
14948
14966
12636
16923
14896
12447
14761
12307
16171
15027
12596
14955
15255
12554
14896
12301
14806
15087
12646
14883
15005
12600
14841
12549
14933
14875
12609
14900
17073
12378
15012
13300
16035
15072
12474
14774
14851
12517
15038
12273
14832
14889
12479
15072
14831
12573
14809
12698
14951
14747
12549
14930
14850
12569
16315
16275
16204
15027
12594
15198
16860
12412
15126
13324
14893
14946
12752
14887
15076
12900
14921
12529
15311
14887
12518
14928
14810
12505
14761
12626
16218
14858
12777
14810
14996
12479
14742
12336
14888
15247
12510
14973
16999
12432
14891
13250
15228
14870
12551
14850
15196
12653
15645
12364
18040
15403
12538
14930
14791
12490
14863
12614
14937
14885
12603
14875
14877
12552
15073
12319
14846
15324
12533
15303
17067
12447
15065
13216
16087
15071
12544
14830
15180
12597
15284
12511
14944
14906
12494
14909
14976
12553
14778
12346
14824
14858
12513
14695
14819
12522
14804
12238
16152
15132
12547
14947
16798
12483
15042
13325
15156
14914
12525
14832
15199
12699
14879
12576
14801
14887
12534
14889
15347
12708
14894
12588
15872
14987
12252
14853
14796
12572
15239
12652
14839
15133
12955
14832
16811
12465
14742
15198
15142
15072
12689
15287
15098
12508
14887
12238
16160
14849
12584
15171
16795
12481
14933
12333
14984
16141
13581
14837
16306
12507
14966
12367
15042
14909
12595
14786
18076
14685
17029
13650
15338
14852
12518
14859
14939
12590
14958
12327
14895
15187
12755
14923
15059
12466
14942
12344
14853
14960
12577
15018
14844
12637
15958
12474
15120
14977
12573
14853
16891
12395
14937
13539
14916
15153
12349
15023
14896
12472
14866
12735
15015
15252
12509
15013
14887
12554
16222
12729
14822
15253
12702
14864
14746
12517
15339
12396
14958
15027
12470
15336
16907
12555
15073
13211
14840
14955
12829
14777
15131
12386
16006
12269
15155
14876
12526
15047
15061
12574
14839
12382
16514
14932
12539
14898
14795
12601
15398
12329
14895
14892
12733
14827
17096
12657
16081
13468
14871
15261
12767
15026
15133
12490
14897
12325
14860
14979
12513
15178
15294
12882
14849
12701
14960
14976
12463
14813
14811
12569
15986
12382
14896
15219
12669
14837
16731
12442
15136
13351
14810
14947
12742
14831
15166
12448
14974
12275
14865
14859
12875
14834
15390
12477
16329
12361
14852
15045
12358
14895
14716
12670
14792
12357
15374
15309
12635
14793
16830
12443
14863
13216
14982
15107
12478
14898
14961
12629
15980
12518
14840
14943
12536
15068
15104
12872
15216
12226
15015
14824
12448
14778
16704
12393
14828
12354
14800
14988
12753
14988
16817
12531
16099
13361
14941
15259
12643
14867
14891
12585
14869
12397
14890
15053
12451
15080
15254
12573
14730
12439
15247
14927
12521
14812
15422
12665
48414
12344
14944
14965
12669
14893
16813
12532
14792
13217
15005
14849
12463
14775
14966
12434
14880
12406
15165
15181
12837
14786
15049
12506
16024
12478
14842
14878
12599
14781
14855
12488
15105
12368
15170
14921
12586
14897
16759
12448
15179
13465
15107
14887
12493
14870
14891
12525
16249
12351
14915
14830
12603
14813
14893
12532
17390
12491
14896
14863
12493
15028
14873
12639
15034
12261
15033
16780
12489
14958
16888
12338
16085
13411
14915
14829
12523
14847
15048
12788
14722
12385
14858
14910
12493
14955
15017
12825
14867
12449
14958
15018
12614
14757
14890
12538
16230
12469
14820
15295
12542
14858
16799
12503
14854
13351
14950
14945
12471
14948
14809
12557
14887
12453
14921
14971
12524
15116
14826
12537
16263
12665
14864
14880
12598
14714
14807
12627
15102
12371
15055
15035
12489
15338
16890
12502
15220
13240
14843
14983
12485
14781
15151
12381
16157
12316
14858
14935
12490
14971
14767
12644
14932
12306
15241
15441
12521
14738
15021
12494
14886
12591
14844
14910
12529
14857
16743
12680
17785
13386
14848
15191
12781
14917
15309
12462
14972
12221
14843
14851
12671
15161
15035
12563
14972
12567
14869
14873
12482
14829
15269
12964
16091
12233
15155
14963
12688
15359
17003
12573
14976
13470
15350
14809
12676
15221
14937
12480
14837
12344
14950
14878
12594
15296
15432
12438
15884
12398
14947
14927
12484
15014
15130
12556
14724
12284
15213
14928
12476
14782
16791
12329
15124
13186
14957
15462
12449
14847
14824
12532
16351
12363
14837
15038
12674
15031
14914
12590
15016
12375
14854
14841
12773
15046
14885
12888
14836
12495
14926
14915
12614
14875
16762
12602
16245
19966
15094
15162
12581
16586
14982
12530
14838
12399
14943
14896
12532
14996
14735
12571
14979
12492
15005
14948
12663
14782
14929
12652
15893
12478
14919
14861
12582
14867
16709
12541
15132
13234
14955
14937
12497
15019
14894
12625
15012
12297
14826
14944
12574
14949
15031
12518
16479
12284
15178
14931
12538
14878
14791
12664
15082
12294
15272
15162
13000
15199
17116
12414
14749
13319
14777
16446
12535
15032
14986
12530
16161
12317
15130
14917
12575
14905
14786
12540
14978
12347
14802
15108
12536
14914
14767
12695
14878
12689
14932
14869
12430
14799
16808
12485
16203
13435
15150
14852
12563
14865
14935
12700
14831
12296
16587
15296
12536
14993
14896
12524
14936
12439
14881
15163
12532
14814
15062
12634
16039
12714
14792
14958
12420
14942
16973
12556
14766
13327
14847
14960
12548
14994
15094
12574
14777
12471
14935
15206
12443
14857
14777
12443
16449
14572
15985
14822
13647
14770
14726
12537
14816
12475
14748
15291
12490
14946
17030
12420
14864
13263
15245
15103
12736
14939
14929
12586
15872
12303
14848
14902
12455
14940
15047
12709
14745
12372
14875
14875
12498
14835
15062
12819
14885
12325
15117
14851
12559
14790
16827
12278
16076
13377
14885
15189
12549
14885
14880
12560
14860
13561
15360
15365
12487
16646
14856
12563
14807
12523
15362
14909
12587
14820
16194
12576
14747
12310
15145
15717
12608
14687
16917
12722
14940
13326
14845
14985
12600
14872
14906
12556
14997
12244
15075
15136
12521
14951
16375
12510
14847
12385
14790
15035
12581
14790
15119
12510
14699
12352
14976
14871
12795
14889
16772
12407
14844
13302
15026
14936
12595
14952
15873
12606
14854
12311
14808
14970
12594
14732
14874
12688
14882
12380
14873
14955
12648
14924
14767
12849
14922
12363
14884
14824
12561
14948
18186
12420
15063
13416
14880
14928
12574
14821
15086
12597
14942
12346
14819
14983
12434
14960
15278
12571
14948
12328
16670
15344
12781
14853
16237
12559
14875
12599
14882
15149
12613
14842
16651
12425
15074
13208
14838
15042
12552
14855
15384
12613
14838
12249
15307
14946
12501
14919
15865
12917
15317
12713
14879
14734
12641
14719
16916
12711
15155
12333
14884
14942
12595
15133
16727
12702
14753
13639
15422
14936
12406
14769
16470
12498
14948
12551
15334
14843
12639
15237
14893
12565
14735
12369
14861
15090
12469
14852
14789
12577
14798
12719
15311
14756
12791
14801
18199
12548
14820
13206
15115
15669
12496
14847
14901
12497
14848
12416
14747
14929
12578
14829
14835
12547
15166
12496
15074
15294
12496
14983
17791
12825
14842
12358
14852
14881
12479
14859
16724
12410
15059
13052
15337
14960
12606
15156
14938
12662
14835
12275
14929
14974
12554
14884
16238
12412
15346
12232
15066
14884
12612
15371
15403
12459
14768
12245
14875
15239
12821
14824
16736
12451
14757
13406
14866
14847
12587
14968
16317
12566
14883
12420
14898
15290
12420
14978
14755
12547
14789
12272
14867
14971
12574
14617
14955
12474
14986
12344
15027
14927
12466
14785
17872
12472
14943
13244
14889
15002
12635
15036
14888
12464
15007
12256
15127
15079
12741
15004
15290
13741
15951
12511
14762
14841
12722
14920
16237
12474
14816
12403
15073
16844
12579
15020
16987
12861
14834
15405
15004
15134
12477
14878
14850
12548
14925
12254
15133
14759
44973
15150
15999
12796
15045
12238
15030
14883
12505
14805
14809
12555
14878
12531
14957
14889
12659
15017
16971
12489
14894
13199
14978
15118
12553
14925
16527
12583
14838
12357
14850
14862
12616
14914
14864
12472
14960
12328
14884
14819
12664
14739
15205
12423
14775
12426
14780
15175
12723
14807
18081
12514
14873
13291
15040
15151
12578
14806
14857
12585
14999
12567
14788
15025
12455
15013
14900
12514
15148
12331
15451
14803
12573
14703
16140
12751
14943
12675
14784
15047
12360
14850
16733
12504
16429
13217
14982
14898
12485
14914
15133
13710
15275
12582
14914
15252
12522
15028
16433
12507
14888
12714
14898
14904
12544
14836
14860
12583
14829
12350
15059
15162
12516
15024
16713
12563
14788
13384
14919
15163
12609
14951
15934
12495
14955
12335
14815
14993
12703
15008
15143
12571
14759
12464
14859
14985
12534
14876
15171
12543
14921
12472
14916
14914
12527
14784
18210
12471
14851
13282
14867
15147
12405
15032
14914
12597
14846
12594
14830
15178
12903
14829
15072
12548
14774
12356
14946
14967
12531
14979
16183
12631
14859
12398
14916
14831
12558
14848
16806
12336
15100
13236
15023
14965
12510
17083
14896
12542
15204
12362
15060
15515
12373
14938
16304
12565
14905
12319
14886
14853
12541
14872
14911
12543
14761
12326
14828
14871
12813
14805
16699
12510
14887
13301
14774
14936
12564
14859
16078
12688
14837
12270
15154
14936
12459
14876
15125
12437
15091
12314
15022
14971
12510
14962
14948
12534
15043
12242
14814
14989
12994
14819
18163
12478
14839
13376
14851
14943
12498
14808
14902
12475
14893
12311
14845
14955
12509
14971
15077
12581
14955
15366
14836
15423
12554
14827
15951
12581
14826
12311
15070
14952
12585
15238
16999
12494
14948
13222
14940
14872
12765
14930
15056
12875
14854
12551
16420
15047
12590
14875
16207
12708
14844
12204
14750
14948
12489
15087
14847
12537
14896
12604
14905
14927
12517
14818
16817
12600
14789
13379
15397
15085
12586
15146
16341
12560
14905
12684
14893
14995
12589
14964
15094
12643
15190
12818
14800
15241
12424
14939
14992
12616
14855
12608
14902
15342
12600
14811
18017
12438
15183
13867
15359
14905
12586
15312
15119
12586
14919
12594
14865
14868
12545
15154
14798
12844
14913
12343
15049
14841
13672
16711
14976
12528
14842
12565
14973
15178
12822
14892
16813
12444
14886
13730
15171
14957
12498
15275
14920
12533
14904
12612
14831
14851
12704
17870
14968
12573
14868
12355
15023
14989
12588
14829
14796
12524
14930
12609
14786
15113
12808
14921
16831
12586
14875
13495
15243
14977
12506
16139
14872
12720
14861
12651
14882
15040
12930
15268
14872
12555
14889
12356
14817
14941
12517
15336
15427
12510
14867
12267
15197
15117
12539
16083
16779
12817
14898
13262
14964
15203
12451
15123
14900
12579
14897
12336
15007
15147
12855
14942
15169
12511
14929
12408
14844
14913
12513
16114
15028
12534
14761
12323
14795
14919
12663
14846
16708
12570
15099
13629
14876
15180
12531
14908
14913
12587
15086
12442
14889
15039
12516
16186
14910
12562
14937
12418
16945
15151
12580
14861
15053
12869
14928
12547
14911
14976
12520
14877
16783
12626
14855
15193
14922
14910
12488
16364
15143
12616
14821
12443
14822
15269
12683
14870
15416
12588
14871
12537
14830
14864
12589
15112
14865
12530
14792
12709
15341
14920
12523
16340
16793
12472
14803
13325
14897
15038
12473
14906
15331
12486
14967
12345
14931
14920
12622
14852
15249
12485
14956
12351
14965
14898
12557
15918
14785
12459
15196
12361
15087
14863
12618
14836
16856
12466
14905
13182
14906
14920
12524
14843
14946
12534
14833
12401
14885
15161
12557
16665
14823
12587
15076
12380
15096
15053
12607
14841
16588
12471
14960
12374
14825
15046
12511
14914
17033
12656
14824
13353
15295
14888
12441
15972
15265
12631
14882
12234
14886
14890
12455
14994
14903
12968
14966
12383
14956
15001
12474
15167
15314
12760
14877
12331
15108
14937
12678
16114
16874
12492
15034
13226
14876
14937
12424
14895
15034
12594
14913
12399
14794
14923
12643
17454
15886
12631
15439
12335
15086
14843
12617
16428
15088
12800
14838
12352
14990
14976
12465
14898
16815
12415
14767
13215
15230
14821
12574
14825
15074
12580
14978
12342
15102
14809
12560
16294
15271
12584
14934
12405
14917
15042
12528
14878
15169
12789
14728
12313
14884
17011
12427
14937
17004
12441
14934
13327
14975
14850
12667
15992
14908
12635
14880
12596
14960
15077
12659
14914
15300
12670
15380
12631
14743
14912
12636
15022
15043
12814
14752
12329
15047
15035
12586
16156
16947
12513
14883
13164
14884
14916
12686
14874
15123
12872
14833
12283
14883
14985
12562
15463
15019
12594
14912
12395
15103
15061
12629
16124
15268
12530
14922
12361
14945
14886
12586
14757
16980
12537
14933
13208
14851
15155
12343
14802
14903
12558
14838
12253
14756
14979
12710
16039
14917
12488
14826
12293
14990
15036
12483
14809
14819
12538
15091
12339
15167
15010
12523
14757
16803
12435
16490
13173
14838
14948
12847
16462
15135
12549
14967
12427
14892
15243
12796
15166
15265
12517
14916
12498
14966
14812
12527
15040
14827
12847
14804
12354
14819
14986
12558
16133
16751
12574
15091
13199
15296
14933
12548
14938
14937
12576
46850
12293
14950
14889
12528
15432
14838
12565
14789
12374
14964
14892
12576
16077
14892
12519
14879
12529
14833
15253
12834
14824
16670
12552
14995
13156
14875
14994
12567
14767
14866
12507
14828
12289
15056
14853
12581
16023
14794
12659
14863
12305
14754
14960
12481
14819
14766
12782
14789
12269
14867
14934
12550
14843
16883
12445
15047
13123
14927
14953
12507
17822
15169
12809
14862
12432
14823
14928
12606
14951
17416
14193
14776
12820
14781
14861
12651
15086
15038
12790
15085
12354
14981
15114
12476
15983
19861
12797
15181
13384
14864
14945
12579
14826
14913
12784
14778
12296
14901
14930
12480
14865
15076
12798
14838
12347
14948
15060
12621
16107
15286
12418
14946
12417
14856
14969
12655
14900
16722
12634
14846
13223
14827
14909
12836
14768
15251
12469
15046
12693
15390
15113
12597
16305
15018
12549
15014
12731
15300
14920
12559
14895
14833
12546
14911
12534
15370
15286
12591
14837
16796
12411
14871
13304
15325
15012
12489
16123
15160
12543
15080
12620
16249
14791
12629
14876
14832
12561
14929
12565
14833
14835
12544
14772
15052
12530
14813
12313
14934
14916
12817
16055
17226
12422
14986
15310
14937
15161
12628
14855
14896
12604
14972
12356
15036
14927
12609
14845
14924
12501
14877
12452
14835
15257
12449
15969
14757
12687
14749
12489
15073
14996
12541
14914
18132
12540
14892
13556
15146
14884
12596
14804
14842
12568
14779
12391
14829
16400
12521
14879
15207
12745
14837
12456
14914
15012
12569
14810
14857
12473
14919
12456
14860
14971
12536
14938
17037
12535
14829
13353
14921
16263
12564
14882
15280
12445
14974
12338
14980
15080
12642
16452
15021
12610
14912
12262
15191
14800
12638
14792
14815
12557
14797
12401
14930
16723
12560
14867
16888
12532
15001
13725
14873
15819
16024
14890
14973
12513
15027
12178
15271
15018
12590
14939
15056
12480
14888
12628
14982
16043
12428
15041
14799
12630
14850
12267
14913
14890
12781
14835
16833
12544
14842
13389
14898
14975
12457
15279
15167
12917
14716
12394
14980
16191
12610
14960
15288
12454
14936
12334
14892
14913
12754
14836
14829
12523
14809
12546
14923
14987
12652
14868
17123
12411
14834
13222
14972
16016
12651
14804
14965
12506
14892
12807
14828
15300
12549
14918
14965
12547
14781
12380
16815
14834
12572
14883
14798
12584
14879
12460
15005
16280
12741
14885
16769
12513
14829
13216
14974
14867
12618
14705
15177
12563
14805
12293
14835
15092
12847
15484
14837
12576
15042
12356
15387
16129
12807
14803
14834
12551
14785
12284
15152
14992
12589
14962
16849
12466
14788
13460
14875
14942
12528
15132
15238
12825
14879
12266
15015
16472
12631
15123
15169
12590
15120
12551
14872
14802
12544
14808
15325
12737
14918
12311
15042
14789
12616
14824
16782
12905
14831
13387
14893
16137
12546
14854
15028
12543
14807
12407
14939
14854
12628
14956
14856
12617
14848
12297
14889
14952
12440
14775
16195
12697
15112
12892
14949
16076
12542
14835
16977
12532
14871
13244
14921
15136
12512
14973
14884
12571
14943
12553
14939
14884
12537
14737
15206
12749
14940
12243
15115
16485
12672
14895
14909
12522
14772
12397
14867
15048
12516
14971
16848
12372
14914
13251
15863
14972
12566
14792
14946
12583
15016
12431
15133
16336
12528
14916
14929
12656
15098
12417
14914
14845
12652
14697
15190
12552
15137
12422
14895
15051
12624
14806
17049
12461
14900
13217
15002
16567
12623
14973
14957
12517
14954
12396
14829
14909
12636
14970
14895
12499
15020
12935
15213
14907
12566
14797
14822
12516
14799
12576
14796
17507
12484
15030
16954
12408
14811
18093
14948
14882
12522
14945
15404
12746
14820
12298
14900
14855
12488
14919
15114
12791
14798
12400
14988
16350
12609
14797
15249
12368
14826
12291
14790
15217
12709
14877
16932
12546
14730
13347
14892
15125
12300
15014
15120
12499
14962
12803
14909
15924
12938
14912
15113
12705
15378
12314
14799
14977
12561
14896
14764
12661
14805
12341
14897
14959
12583
14884
16874
12504
14895
13374
14985
16583
13789
15153
14904
12700
14787
12667
14871
15053
12492
14899
14892
12490
14806
12322
15292
14990
12582
14792
15000
12495
14856
12430
15076
16295
12551
14997
16755
12454
16668
13270
15019
15018
12586
14755
14884
12608
15036
12300
14843
14951
12426
14907
Average throughput: 68381.679181 op/s latency: 14.327700 usec
Done!
