Run the test of 10000 requests
32 blocks in total, max key is 961
Cache built. 2 layers 32 entries in total.
thread 0 op_count 10000
52260
26303
23199
18299
19611
17817
19630
17827
20658
18194
19554
18291
19594
17778
19547
17985
19619
18081
19967
18053
23495
18550
19601
17781
20100
17940
21035
18175
19776
17964
23026
18400
20013
17866
19521
18155
19602
18492
19480
17945
19667
21271
20441
17967
20495
17845
19637
17821
19742
18464
19709
17999
20124
18058
19726
18324
20883
18036
19847
18210
19494
17864
20247
20833
21886
18300
20754
18147
20607
18376
21123
18413
20462
18118
20883
18311
20804
18025
20817
18195
20558
18044
20401
17847
23463
18086
21883
18233
20441
18065
20865
18514
20621
17881
20579
18377
20473
18110
20464
18159
20560
18083
20655
17828
20702
20836
20778
18215
20941
18301
20590
18072
20682
18086
20367
18188
21739
18087
20663
18139
20690
18097
20513
18117
20840
18069
20868
23198
20934
18207
20532
18028
20444
18093
20827
18045
20398
18103
20568
18039
20774
18120
20701
18390
20631
18177
21807
18389
23378
17926
20749
18416
20460
18164
20809
18077
23086
18087
20483
17950
20546
18376
20530
17987
20442
18320
20431
18225
20475
20807
20876
18137
20840
18074
26484
17858
22171
18077
20359
18128
20379
18060
20371
17961
20484
18006
20431
18047
20391
17848
20475
21326
22880
20074
24429
17933
20340
18041
20419
18002
20270
18103
20396
18113
20319
18060
21876
18113
20517
18360
20433
18036
23470
18057
20481
17862
20432
18127
20519
18499
20718
18130
20418
17881
20531
18003
20495
18184
20748
18357
20421
18387
20391
20922
20645
18333
21833
18546
20368
18107
20370
18145
20400
18377
20413
18107
20299
18042
20445
18106
20726
18097
20344
18023
20440
21361
20518
18169
20400
17992
20545
18016
21100
18434
20413
18134
21720
18055
20399
18432
20390
18113
20810
18138
20854
18021
23245
18371
20667
18293
20435
18162
23369
18440
20897
18074
20390
18090
20324
18208
20859
18472
20494
18252
20491
18096
21837
20768
21109
18459
20763
18055
20543
17989
20778
18156
20340
18138
20545
18076
20723
18364
20572
18165
20632
18198
20395
18098
20459
21086
20485
18073
20848
18206
20507
17851
21803
18214
20440
18075
20308
18022
20435
18051
20536
18120
20696
17962
20624
18166
23188
18230
20595
18228
20603
18027
21032
18379
20360
18130
20443
18112
20386
18098
20462
18246
21845
18399
20485
18163
20720
20837
21090
35873
21018
18501
20415
18169
20521
18204
20490
18130
20671
17914
19951
18119
21007
17949
20619
17969
20401
18206
20637
21181
20452
18087
22240
18075
20805
18087
20757
18190
20591
18353
20402
18063
20372
18133
20757
18145
20459
17914
20379
18093
23600
17986
20486
18428
23344
18143
20658
18246
20496
17972
20455
18078
21907
18080
20517
18118
20534
18137
20473
18109
20533
20992
21016
18062
20723
18029
20772
18085
20689
18094
20427
18162
20339
18051
20444
18126
20548
18175
20524
18043
20408
17998
21683
21036
21126
18252
20395
18106
20514
18095
20827
18210
20401
18037
20750
18099
20718
18257
20495
18451
20419
18086
20414
18108
25409
18207
20494
18022
20589
18373
20423
18197
21743
18234
20430
18067
20354
18129
20822
17976
20438
18302
20681
17881
20676
20880
20800
18110
21007
18258
21082
17983
20455
18030
20376
18120
20381
18020
20401
17887
20505
17961
21791
18419
20347
18144
20366
20912
20664
18328
20476
18144
20273
18182
20364
17935
20409
18126
20351
18130
20374
18126
20354
18117
20263
17932
20688
18377
23631
18294
23640
18391
22017
18145
20560
18522
20427
18062
20491
18108
20406
18066
20409
18078
20853
18086
20523
18339
20441
20853
20963
18280
20724
18112
20471
18042
20722
18156
20395
17923
20426
18148
21560
18050
20485
18048
20871
18222
20985
18086
20398
20918
20697
18463
20533
18018
20533
18302
20511
18132
20471
18195
20481
18283
20390
18258
20789
18166
20552
18411
20424
18165
25204
18043
20763
18366
20546
18295
20511
18193
20458
18296
20457
18086
20475
18057
20933
18015
20506
18325
20549
18369
20527
20826
20982
18085
20681
18128
20490
18255
20464
17948
21636
18280
20415
18146
20321
18315
20504
18118
20909
18436
20626
18362
20663
21124
20906
18082
20493
18166
20394
17999
20575
17923
20452
18092
20441
18123
20681
18417
20641
18066
21735
18512
21059
23131
26947
19578
21253
18323
20942
18087
20522
18235
20767
18337
20479
18291
20391
18115
20440
18070
20470
18064
20438
17991
20478
20740
21134
18654
22801
17991
20816
17882
20591
18291
20544
18375
20440
18105
20527
18092
20543
18042
20569
18086
20852
17999
20473
21047
20748
17993
20347
18002
20844
18062
20687
18285
20461
18035
21507
18030
20829
18029
20486
18395
20593
17998
20323
18111
23373
18337
20551
18310
20424
18025
21049
18224
20443
18148
20847
17972
20685
18407
20351
18110
20431
18400
20396
18129
21912
20904
21373
18141
20440
17957
20435
18005
20588
18123
20748
18100
20536
18008
20495
18180
20805
18053
20784
18132
20415
18002
20429
21125
20837
18313
20641
18123
20359
18074
21728
21368
20987
18538
20665
18106
20579
18030
20518
18010
24265
18119
20786
18136
23941
18374
20610
18445
20612
17974
20616
18170
20559
18523
20973
18460
20547
18084
20387
17955
21800
18500
20412
18052
20626
23048
21585
18162
20587
18243
20792
18391
20547
18010
20547
18351
20870
17846
20588
17941
20646
18050
20889
18387
20442
18308
20498
22123
24007
18060
21594
18574
20647
17976
20836
18122
20581
18117
20670
18101
20654
18051
20662
18174
21044
17993
20690
18076
23525
18106
20639
18000
20647
17979
20495
18200
20349
18096
20506
18103
21785
18338
20629
18131
20741
18192
20425
18418
20640
21066
20824
18209
20568
17987
20526
18032
20533
50939
20540
18147
20464
18095
20426
18231
20559
18120
21077
18427
20531
18061
21676
21024
20649
17987
20659
18012
20442
18088
20796
18734
20474
18126
20468
18053
20556
18311
24127
18074
20766
18005
20523
17955
23383
18222
20509
18111
20516
18157
20529
18231
22195
18142
20771
18051
20684
18456
20388
18456
20508
18145
20691
17971
20457
20870
20958
18391
20350
17786
20376
18337
20547
17857
20443
18185
20753
17978
20686
17962
20628
18006
21913
18031
20947
18278
20403
21054
20823
18303
20556
18336
20585
18359
20545
18241
20997
18300
20470
17951
20517
18062
23370
18430
20703
18384
20517
18007
23313
18124
20514
17910
21967
18138
20756
18420
20578
17939
20454
17936
20468
18032
20406
18461
20401
18077
20894
18038
20524
20855
20928
18325
20804
18090
20751
18359
20506
17991
20439
18190
20338
18049
21815
18481
20515
18360
20841
17984
20468
18103
21360
21239
20594
18468
20382
18046
20342
18108
20436
18035
20424
18077
20432
18106
23770
18487
20659
18074
20449
17941
20333
18095
24723
18031
20397
18070
20438
18057
20635
18154
20667
17997
20660
18325
20388
18172
20371
18175
20388
18038
20384
18094
20702
21009
21053
17967
20451
18151
20388
18187
20497
18236
21766
18175
20367
18359
20494
17950
20494
18055
20497
18089
20434
18110
20798
20981
20409
18150
20306
18087
20379
17876
20755
17869
20330
18058
20435
18093
20494
18110
20411
18086
21601
18351
20407
18033
23336
18085
20746
18909
20776
18075
20413
18178
20225
17806
20641
18101
20564
18015
20389
18210
20609
18831
23718
19647
20801
20907
20569
18289
20328
17996
21657
18113
20590
18391
20736
18033
20653
17878
20325
18143
20662
18026
20439
18406
20513
18078
20274
27282
20598
18742
20366
18258
20681
17892
20582
17978
20521
18045
23555
18290
21813
18131
20528
18111
20812
18001
20432
18069
23483
18396
23719
18468
21075
18078
20417
18233
20868
18425
20419
18079
20349
18157
20474
18423
20512
18071
20785
17882
20606
20933
21887
18468
20324
18137
20465
18023
20460
18069
20421
18148
20335
18001
20269
18156
20386
17917
20224
17885
20457
18401
20378
21030
21103
18578
20449
18005
20278
18077
20402
18178
21522
18344
20578
18238
20380
18095
20452
18240
20552
18239
20491
18053
23336
18142
20422
17955
20375
18147
20308
18211
20374
18103
20305
18097
20326
18219
20293
18027
20313
18097
21558
18179
20948
21218
21095
18241
20552
18061
20436
18437
20484
18040
20416
18055
20381
18319
20444
18009
20666
18086
20710
18382
20557
18161
20274
21193
20602
18347
20610
18071
21869
18051
20431
17918
23868
18216
20318
17849
20455
17968
20479
18162
20393
18054
20457
18079
23447
18005
20515
18146
20449
18376
20460
17873
20523
17894
20363
18143
20430
18312
22184
18102
20532
18048
20739
17915
21036
20943
21000
18362
20634
18198
20417
18107
20465
18092
20460
18426
20310
17852
20402
18282
20468
18072
20375
18152
20701
17989
20801
21077
22689
18557
20573
18156
20567
18275
20505
18207
20750
18078
20692
18330
20230
18255
20454
18196
20307
17965
20314
18096
23680
18160
20405
18020
20653
18542
20384
18103
21667
18310
20787
20269
21484
18836
20947
18169
21036
18366
20647
17863
20387
21070
20696
18411
20471
18366
20325
18366
20469
18160
20487
18120
20396
17942
20320
18147
20346
18083
21534
18110
20399
18094
20374
21277
20583
18336
20480
18415
24339
18155
20919
18057
20436
17996
20452
18151
20545
18049
20835
18335
20395
18302
20289
17998
23594
18055
20687
18318
21540
18413
20365
18397
20299
18262
20319
18015
20303
18263
20388
18197
20431
18063
20679
18101
20364
21000
20747
18009
20502
18337
20402
17957
20434
18034
20392
18138
20527
18086
21891
18210
20417
18043
20401
18022
20311
18083
20466
21204
20757
18279
20506
18325
20336
18119
20569
17991
20519
18079
20410
17874
20487
18103
20359
18192
20412
18138
20341
17954
26776
18196
20796
18369
20669
18016
20337
18243
20382
18032
20310
18041
20554
17999
20351
18140
20418
18055
20632
17967
20374
20810
20880
18163
20404
18012
20555
18020
20936
18003
21734
18161
20376
18054
20413
18048
20455
18342
20511
18078
20499
17898
20340
20816
20595
17970
24669
18233
20372
18073
20391
18085
20543
18302
20345
18160
20331
18102
20327
18137
21590
18371
20483
18296
23519
18014
20630
18242
20438
18063
20519
18113
20304
17909
20169
17769
20550
18084
20467
18349
20344
18116
20473
18187
20390
24124
21020
18180
20702
18008
21655
18076
20549
18321
20633
17990
20780
18276
20295
18080
22311
22020
21909
18456
20451
18094
20352
21003
20507
18060
20695
18408
20583
18077
20472
18112
20335
18084
20457
18136
21657
18465
20435
18092
20466
17978
20379
18003
23382
17854
20542
17991
20424
18037
20432
18112
20497
18096
20623
18066
20358
18071
20447
18051
20451
18064
20811
18362
20406
20796
21997
18060
20366
18302
20651
18029
20876
18323
20493
18367
20431
18061
20503
18147
20650
17990
20620
18119
20682
18165
20429
21063
24553
18014
21249
22077
20348
18149
20372
18083
21767
18179
20427
18432
20466
17982
20388
18133
20393
18096
20440
18010
23266
18192
20664
18066
20476
18353
20492
18253
20437
17945
20511
18135
20375
18075
20207
18150
20432
18136
21763
18369
20382
20839
20585
18051
20319
18080
20359
18007
20483
18075
20344
17906
20594
17889
20549
17873
20573
17877
20582
17995
20448
18047
20451
21168
20628
18294
20475
18147
22146
18081
20499
18144
20930
18530
20288
18156
20364
18058
20528
18149
20519
18320
20368
18186
23497
18367
20454
18201
20325
17957
20434
18168
20429
18327
20400
18249
20549
18432
21902
18134
20688
18229
20851
18108
20472
21694
21087
18234
20355
17879
20397
18289
20531
17972
23665
18195
20437
18062
20864
18216
20978
18619
20299
18164
20299
18117
24744
21371
21993
18433
20321
18257
20635
18358
21108
18445
20321
18159
20464
17985
20585
18085
20367
18039
20521
18357
20474
18007
23502
18344
20476
18068
20532
17990
20410
18086
20386
18050
21554
18334
20498
18312
20543
17933
20452
18058
20652
18294
20320
22895
20929
18204
20579
18115
20361
17968
20459
18054
20394
18107
20382
18037
20327
18107
20525
17942
20545
18091
21710
18112
20636
21004
20737
18180
20431
18070
20348
18091
20438
18129
20481
18336
20282
18222
20337
18122
20388
18136
20759
17858
20633
17851
23294
18315
20393
18148
20400
18122
21568
18564
20479
18241
20362
18041
20403
18191
20336
18232
20571
18192
20474
17982
20366
20644
20690
36027
20625
18044
20515
18269
20482
17961
20527
18091
20385
17994
20305
18358
22032
18123
20339
18074
23261
18423
20466
21046
20815
17972
20544
18356
20387
18023
20615
18005
20514
18090
20229
18190
20424
18335
20513
18141
20378
18106
20287
18169
23123
18451
21917
18280
20548
18317
20284
18289
20325
17980
20298
18248
20452
18147
20383
17864
20297
18160
20667
18371
20267
21159
21388
18043
20417
17886
20552
18127
20431
18092
20336
18214
21839
18157
20337
18137
20529
18089
23400
18080
20447
18257
20614
21289
20510
18031
20449
18114
20361
18092
20439
18155
20393
18061
20359
18051
20350
18120
20225
18133
20276
18352
21735
18561
23611
18365
20470
18008
20470
18107
20280
18168
20343
18061
20434
17847
20302
18137
20404
18094
20401
18174
20528
18417
20422
20819
21895
17982
20579
18112
21720
18181
20530
18373
20449
18145
21038
18438
20254
18197
23983
18358
20477
18315
20315
18069
21170
21132
20836
17993
20463
18085
20397
17889
20583
18039
20381
18053
20608
17853
25671
19842
23870
18040
20314
17937
20687
18324
23580
18082
20550
17917
20928
18256
20401
18192
20276
18165
20378
18120
20363
18347
20663
18088
20464
18004
20502
18005
20328
20850
22475
18145
20565
18359
20392
18009
20546
17907
20362
18134
20371
17982
20610
18132
20469
18106
20557
18088
20302
17923
20406
21425
20434
17892
20411
17988
20500
18180
20399
18067
21772
18425
20589
18301
20741
17839
20543
18161
20505
18001
20429
18092
23561
18431
20513
18087
20502
18024
20401
18002
20430
18183
20460
18169
20796
18060
20860
18072
20595
18029
21573
18061
20602
20755
20864
18044
20473
17914
20372
17990
20439
17977
20473
18149
20656
18016
24757
18426
20593
18130
20435
18046
20345
18036
20442
23126
20567
18439
20362
20340
22105
18102
20586
18324
20391
18204
20430
18191
21131
18249
20551
18113
20442
17826
20434
18067
23652
18152
20394
17734
20665
18016
20486
18427
20531
18309
20414
18005
20370
18075
21850
18411
20394
18116
20572
17790
20446
20928
20743
18084
20398
17802
20683
18035
20457
18407
20401
18123
20314
18050
20415
18145
20400
18020
20315
18064
20357
18114
20464
21118
21580
18070
20388
18392
20370
18210
20733
17959
20796
18476
20503
18045
20380
18044
20427
18103
20417
18072
20404
18084
23295
17970
20991
18300
20438
18171
20328
18416
20437
18084
22002
18088
20457
17995
20656
18154
20277
17824
20523
18353
20348
21336
20852
18100
20467
18032
20335
18122
20855
18033
20396
18108
24035
18258
21053
18005
20582
18310
20324
18152
21510
18037
20642
20909
20540
18121
20357
18069
20285
18053
20397
18003
20323
18117
20335
18113
20419
18021
20306
18210
20522
17933
20502
17942
23233
18131
20588
17955
20536
18411
21948
18898
20431
18098
20408
18109
20274
18016
20933
18055
20489
18101
20465
18035
20692
20754
20530
18035
20443
17887
20509
18118
20452
18267
20529
18082
20933
18075
20533
17972
21809
18103
20784
18066
20997
18486
20622
20656
20446
18429
20500
18198
20436
18101
20517
18431
20329
18234
20551
17856
22310
18050
20600
18126
20817
18451
20413
18193
23759
18343
21881
18074
20675
18395
20512
18057
20310
18019
20254
18215
20539
18054
20493
18457
20454
18044
20564
18114
20225
20820
20790
18284
20422
18016
20366
18238
20528
18021
24615
18102
21665
18386
20380
18084
20433
18168
20751
18162
53056
18157
20372
20736
20634
17920
20511
18403
20328
18111
20568
17922
20645
18049
20322
17977
20428
18029
20467
18169
20775
18023
21734
18054
23972
18155
20644
18053
20367
18256
20370
18210
20246
18039
20379
18049
20363
18037
20685
18508
20472
17840
20497
17797
20423
25611
20902
18126
20970
17863
20698
18330
21639
18035
20711
18034
20372
18506
20473
18131
20391
18052
20436
18368
20492
18101
20270
21358
20615
18246
20418
18176
20380
18160
23404
18991
20823
18075
20493
18170
20700
18460
21964
18302
20679
18227
20490
18144
25311
18031
20394
17789
20680
18405
20479
18439
20402
17761
23097
21945
23098
18318
20902
18172
20489
18317
20804
18007
20712
20825
20470
18140
21654
18633
20336
18024
24930
18093
20667
18111
20596
18443
20474
17989
20567
18067
20373
18408
20307
18155
20362
20782
20631
18363
20562
18364
20193
18179
20449
18081
20403
17958
21643
18005
20532
18431
20658
18384
20458
18138
20337
19984
23784
18021
20422
18296
20474
18322
20331
18211
20763
18086
20368
18094
20680
18433
20504
18167
20351
18061
20881
18129
21667
21207
20881
18458
20317
18041
20378
18211
20333
18110
20351
18068
20341
18109
20337
18042
20475
18000
20672
18386
20279
18162
20343
21632
20922
17968
20442
18010
20465
17833
21558
18306
20295
18222
20407
18139
20430
18020
20396
17808
20448
18057
20437
18206
23230
18104
20703
18399
20470
18086
20393
18107
20377
18071
20448
18134
20383
18315
20752
18185
21702
18207
20427
18201
20646
20816
20674
18162
20427
17995
24398
18248
20864
18028
20402
18018
20421
18044
20414
18050
20457
18089
20456
18061
20497
18041
20874
20982
20446
18391
22043
18032
20374
17997
20579
18051
20278
18091
20344
18060
20427
17974
20545
17975
20362
18027
20515
18076
23326
19308
20766
18060
20451
17907
20497
18239
20307
18063
21937
17949
20711
18038
20348
18087
20310
17816
20272
17915
20495
20704
21171
18213
20436
18137
20266
18042
20429
18104
20355
17977
20296
18206
20531
17930
20228
18226
20360
18221
21699
18123
20398
21082
20585
17940
20366
18041
20344
18042
20535
18097
20371
18003
20362
18123
20308
17984
20536
18082
20313
17995
20364
18129
23383
18209
20468
18047
20370
18094
21692
18317
20452
18567
20469
18335
20768
18029
20393
18146
20451
18091
20389
18093
20315
20908
24816
18079
20691
18182
20333
17991
20531
18165
20378
18023
20394
17867
20352
18058
21520
18112
20664
18437
20604
17936
20322
21143
20287
18126
20787
18413
20381
18308
20464
18123
20329
18061
20332
18028
20275
18058
20500
18243
20593
17958
20283
18215
23415
18462
21784
17981
20557
18076
20505
18430
20433
18433
20374
18040
20955
18120
20403
18108
20246
18188
20326
18061
20447
22618
20563
18112
20488
18114
20394
18547
20416
17948
20466
18023
21650
18149
20461
18154
20395
18301
20535
18105
20753
17952
20500
20828
20664
18044
20471
18042
20320
18021
20368
18008
20433
18260
20330
18019
20400
18011
20277
18338
20488
18044
21603
18430
23097
18097
20530
17937
20520
18088
20349
18221
20533
18302
20476
18387
20559
18138
20390
18135
20368
18153
20292
18078
22528
20750
21064
18142
20294
18196
20356
18057
21844
18003
20730
18311
20423
18333
20338
18090
20416
18132
20384
18091
20417
18013
20360
20693
21029
18274
20315
18153
20408
18039
20607
18340
20645
18407
21014
18356
20356
18161
21557
18050
20765
18443
20410
18351
23243
18075
20586
18178
20456
18344
20396
18178
20489
18091
20428
17810
20569
18385
20514
18157
20347
18093
22991
18112
20512
21008
20457
18115
21708
18420
20429
18045
20415
18127
20311
20630
25050
19811
20397
18210
20363
18000
20321
18124
20417
18064
20357
20774
20517
18090
20406
18167
20426
18116
20748
18442
20444
18008
21750
18035
20485
18070
20491
18125
20480
18055
20537
18401
23351
17907
20485
17930
20433
18087
20496
18252
20665
18320
20639
18422
20618
18117
20366
17983
20565
18106
22706
18163
22012
20665
20970
17875
20356
18300
20373
18173
20444
18001
20416
18166
20427
18029
20338
17821
20463
18051
20274
18324
20331
17984
21082
21063
20378
18230
20753
17979
20535
18026
21518
18109
20545
18075
20426
18466
20318
18145
20367
18055
20425
18065
20313
18089
23539
18156
20576
17901
20477
18393
20444
17940
20384
18125
20709
18260
20364
17838
20373
18067
21497
18398
20586
17925
21004
20915
20741
18144
20245
18343
20387
18137
20360
18056
20405
18129
20423
18049
20266
18065
20227
18207
20373
18189
20439
18094
20316
20763
20686
18076
21633
18381
20921
17945
20478
18493
20273
18164
20721
17735
20389
18086
20314
18080
20398
18060
20394
18510
23457
18207
20597
18015
20381
18350
20313
18099
20496
18130
20637
18073
21586
18113
20335
18336
22378
18312
20477
18131
20242
20831
20782
18349
20301
18205
20384
20585
21331
18319
20486
18022
20440
18082
20487
18333
20332
18108
20328
18259
20241
18189
21672
23029
20957
18427
20400
18058
20337
18023
20463
18077
20342
18094
20207
18207
20526
18001
20325
18132
20265
18244
20512
18385
23609
18511
20455
18073
20345
17997
20348
18212
21400
18031
20844
18231
20313
18167
20282
18070
20428
18087
20435
18041
20295
20693
21335
18376
20422
18279
20395
17984
20514
18022
20335
18215
20456
18253
20336
18011
20590
18141
21736
18123
20457
18219
20363
21899
20435
17998
20376
18094
20264
18140
20382
18076
20312
18245
20238
18099
20208
18291
20471
18109
20719
18044
20397
18094
23175
18316
20524
18052
21431
18109
20514
18487
20262
18190
21047
18176
20407
18071
22609
18083
20370
17744
20604
18109
20426
20807
20857
18172
20460
18249
20486
18190
20513
18144
20875
18420
20375
18091
21643
18134
20579
18394
20498
18665
20314
18046
20411
21313
20544
18171
20372
18118
20315
18176
20542
18130
20331
18032
20371
18061
20665
22463
20314
17922
20536
18124
20948
18376
24938
18062
20509
17977
20435
18149
20411
18068
20897
18203
20569
18402
20411
18362
20511
18100
20358
18138
20339
18215
20721
20838
20896
18133
20223
18060
20434
18129
20852
18278
21978
18097
20509
17982
20298
18097
20349
20729
20695
18703
20434
18437
20318
21267
21859
18017
20368
18055
20410
18112
21110
18417
20641
17985
20377
18074
20284
18085
21688
18282
20470
18251
20534
18027
23431
18137
20606
17821
20735
17965
20466
18360
20838
18178
22690
18078
20523
18028
20441
18081
20988
18110
20320
18184
20344
20977
20600
18096
21678
18088
20366
18145
20511
17980
20265
18114
20371
18069
20265
18127
20344
18156
20541
18066
20393
18053
20406
21196
20425
18303
20528
18408
21809
18589
20382
18993
25433
20536
24603
18155
20703
18224
20513
18806
20564
17891
20574
18002
23561
18043
20423
18139
20441
17962
20293
18161
20678
18220
20442
18195
20991
17985
20530
18464
20272
18317
20936
18008
21631
20776
21180
18389
20745
18128
20416
18181
20459
18428
20414
17862
20394
18240
20418
18058
20292
18107
20505
18026
21097
18079
20475
21033
20575
17990
20500
18106
20404
18049
21774
18147
20390
18145
20310
18108
20267
18219
20571
18117
20407
18118
20503
18137
25563
18170
20781
18090
20518
17918
20444
18103
22784
18333
20523
17941
20416
18307
20303
18278
21707
18448
20420
18137
20347
20759
20547
17847
20551
17868
20571
17866
20652
18054
20373
18183
20533
18001
20766
18014
20442
18423
20584
18240
20417
18062
20445
21058
20528
19532
22479
18151
20383
18051
20367
17889
20731
18386
20543
18317
20328
18051
20449
18054
20480
18066
20376
18095
23518
18312
20565
18175
20773
18150
20387
18077
20507
18008
20337
18095
21595
18007
20269
18136
20416
17969
20361
18151
20432
20671
21188
18354
20578
18220
20396
18205
20422
18146
20342
18057
20310
18122
20522
17958
20380
17940
20420
18133
20378
17989
21825
20969
20634
17929
20501
17785
20657
17895
20570
17922
20534
17921
20658
18032
20267
17952
20542
17844
20611
18108
20410
17967
23278
18276
20469
18011
20318
18032
22930
18133
21912
18198
20346
18187
20853
17926
20478
18100
20468
17966
20473
17999
20372
20849
20650
18225
20664
18188
20444
18187
20533
18082
20854
18081
20543
18342
20376
18119
20355
18161
21729
18377
20398
18237
20453
20750
20464
17944
20393
18127
20431
17970
20516
18107
20574
17985
20406
18159
20712
18382
20513
18202
20510
18036
20398
18061
23205
18072
20985
18300
21619
18320
20468
18450
20827
17999
20446
18138
20392
18311
20387
18216
20436
18075
20435
17986
20433
20742
20575
18291
20336
18060
20443
18120
20885
18036
20356
18140
20508
18106
22455
18077
20469
18071
20314
17852
20520
18029
20469
21116
20506
17970
20332
18041
20432
17961
20650
17944
20388
18120
20283
18593
20479
18394
20756
18458
20661
17999
20457
18386
29239
18480
20600
18223
22410
18052
20380
18065
20676
18122
20459
18034
20395
18116
20476
17887
20528
18049
20376
18168
20332
20816
20677
18275
20540
18080
20378
18064
20501
18067
21639
18446
20363
18074
20352
18073
20470
18088
20452
18075
20790
18148
20363
21289
20477
18289
20572
18157
20925
18103
20453
18380
21051
18061
20418
18132
20346
18106
20422
18039
21801
18374
20429
18391
23149
18299
20465
18296
20430
18260
20463
18270
20541
18095
20639
18111
20693
18070
20623
18307
20386
18104
20385
18044
20343
22637
20574
18137
20754
18419
21725
18010
20875
17988
20524
18337
20378
18078
20494
18124
20409
17946
20527
17932
20416
18031
20427
21107
20742
18306
20572
18361
20358
18171
20512
18103
20418
18056
20517
17970
21716
18255
20424
18077
20443
18319
20430
18183
23286
18280
22552
18081
20580
18065
20385
18239
20593
19094
24048
18975
20255
18256
20808
18063
20386
18072
20364
17991
20449
20863
22028
18470
20528
18032
20412
18114
20509
18372
20494
18067
20953
18131
20601
18458
20417
18082
20405
18185
20456
18400
20516
21196
20663
18040
20470
18034
20539
17938
20733
18298
21719
18098
20458
18428
20429
18091
20353
18952
39505
18142
20647
18435
23627
18033
20856
18269
20357
18155
20409
18081
20401
18140
20329
17930
20384
18134
20206
18239
20378
18089
21516
18083
20236
20900
21050
18243
20388
18091
20440
17937
20494
17977
20321
18153
20274
18150
20347
18179
20468
18167
21002
18424
20223
18237
20419
21233
20826
18324
20618
18195
21802
18403
20630
18137
20518
18221
20433
18186
20999
18478
20443
18261
20389
18081
20305
18109
25539
18333
20639
18308
20292
18043
20541
18059
20613
18135
20580
18202
20881
17984
21646
18098
20365
18053
20576
18121
20769
20640
21952
18197
20660
17950
20374
18120
20495
18534
20483
18086
20406
18075
20477
18097
20436
18221
20402
18112
20393
17871
22587
21166
20540
17911
20532
18107
20434
17962
20543
18363
20337
18174
20443
18040
20382
18148
20722
18015
20426
18136
20460
18415
23277
18458
20362
17883
20530
18110
20256
18006
21540
18182
20580
18077
20318
17963
20638
18365
20523
18042
20405
17973
20482
20710
20993
18306
20246
18039
20453
18029
20435
18123
20297
18124
20384
18060
20441
18027
20445
18035
21667
18785
20482
18373
20427
21211
20577
18226
20497
18162
20294
18072
20780
18053
20368
17993
20504
17876
20593
17968
20456
18027
22453
18214
24415
18312
23223
18090
20427
18012
21879
18113
20418
18038
23327
18854
20735
18119
20264
17763
20399
18072
20512
18289
20388
18198
20425
20800
20706
18108
20702
18076
20481
18113
20555
18429
20864
18091
20529
17920
21820
18142
20433
18099
20560
17955
20677
18047
20631
22983
20511
18193
20419
18050
20583
18061
20502
17792
20871
17955
20519
18179
20438
18377
20477
18122
20436
17987
20292
18121
24824
18120
20442
17952
20588
18142
20391
18051
20377
17928
20256
18015
20524
18048
20397
18063
20298
18063
20566
18081
20460
20844
21224
18141
20399
18081
20336
18056
20554
18151
21937
18032
20806
17985
20503
17900
20544
17916
20564
18072
20352
17940
20513
21266
20481
18071
20305
18069
20403
17760
20573
18224
20226
18204
20358
18032
20355
18133
23068
18248
22236
18070
20915
18362
23343
18504
20535
18390
20468
18222
20279
18462
20520
18081
20548
18072
20332
18087
20363
18248
20423
18025
20331
18049
20348
20688
20942
18119
20321
18291
21671
18248
20816
18042
20362
18027
20492
18008
20336
18029
20279
18193
20198
18267
20376
18083
20416
20952
20815
18345
20541
18508
20255
18112
20437
18130
20293
18146
20341
18126
21710
18492
20475
18114
20255
18066
20550
18017
23316
18100
20505
18407
21121
18354
20722
18192
20540
18254
20389
18198
20346
18110
20335
18140
20440
18067
23009
18022
20594
20540
21612
18101
20692
18085
20801
18245
23714
23169
21968
18063
20283
18378
20365
18075
20412
17826
20468
18004
20478
17939
20439
20778
20964
18413
20283
18163
20590
18066
20466
18558
21681
18422
20522
18190
22533
18251
20824
18357
20650
18068
20334
18328
23605
18422
20804
18174
20797
17960
20548
17903
20514
18063
20384
18058
20432
18021
20533
18059
20376
17966
21526
18122
20450
20882
20871
17991
20545
18262
20498
18069
20932
18167
20482
18105
20999
18007
20628
18404
20449
18040
20436
18375
20442
18133
20317
21314
20618
18240
20740
18257
21716
18320
20637
18163
20812
18062
20647
18299
20453
18132
20509
18420
20498
18003
20334
18058
23382
18240
20581
18201
20626
18065
20513
19880
39277
18569
20460
18004
20416
18077
21550
18309
20597
18071
20330
18284
20440
20755
21131
18238
20327
18160
20411
18359
20506
18043
20745
18083
20481
17837
20527
18031
20417
18070
20445
18152
20253
18088
20281
20904
21700
18004
20808
18350
20302
18147
20426
18080
20356
18104
22691
18123
20819
17925
20533
17944
20500
17879
20539
17880
25575
18430
20492
18107
20592
18136
20793
18085
20691
18276
21704
18152
20580
18509
20414
18039
20415
17963
20532
18098
20826
20748
20588
18314
20508
18026
22712
18062
20763
18027
20439
18108
20400
18190
20403
18051
20946
18287
20503
18210
21607
18276
20717
21010
20749
18870
20918
18029
20427
18052
20425
18119
20351
18131
20675
18074
20370
18184
20419
17977
20397
18419
20558
18186
23227
18237
20646
18388
20499
18126
21685
18559
20510
18001
20339
18174
20440
18258
20323
18191
20259
18125
20866
17970
20448
20845
20533
18312
20360
18024
20436
17888
20466
18098
20321
18065
20395
18095
20394
18074
21649
18009
20489
18386
20246
18182
20406
21087
21025
18544
20299
18177
20327
18024
20444
18083
22815
18186
21028
18403
20649
18337
20488
18064
20398
17968
20449
18115
23187
18339
21983
18292
20874
18023
20308
18195
20413
17986
20464
17974
20450
18068
20358
18120
20372
18066
20454
18310
20401
20745
20567
18195
20430
18081
20435
18455
20484
18085
20320
18112
21669
18549
20417
18151
20337
17932
20586
18024
20361
18008
20262
21058
20587
18400
20337
18188
20270
18124
20525
17902
20403
18057
20496
18405
20493
18239
20484
18147
20839
18075
21910
18281
23384
19161
20964
18425
20590
18113
20480
18630
20463
18181
20251
18127
20716
18428
20623
18365
20463
18049
20430
18069
20395
20766
21017
18061
20443
18100
21748
18148
20612
18315
20336
18037
20428
17843
20386
20599
20598
18083
20790
18054
20711
18247
20573
21072
20637
18332
20601
18326
23110
18076
20740
18072
20332
18407
20319
18639
21523
18507
20563
18054
20276
18218
20387
18040
23232
18092
20923
18284
20404
18111
20524
17932
20353
18099
20429
18101
20326
18043
20454
18093
20745
18366
20730
18134
20557
21112
21901
18020
20465
18069
20408
18090
20679
18069
20310
18115
20390
18133
20355
18095
20742
17996
20861
17875
20518
17957
20481
21031
20581
17925
20513
17883
23711
20583
23268
18581
21632
18267
20704
18063
20290
18222
20297
17952
20564
18042
20450
18107
23268
18015
20936
18298
20350
18052
20498
18339
20503
18137
20321
18151
20709
18062
20496
18071
20538
18067
22156
18225
20477
22650
21159
17935
20468
17866
20549
18038
20488
18130
20407
18062
20845
18455
20458
18303
20409
18045
20514
17995
20510
18091
20483
21293
20931
17936
22872
18114
21981
18115
20469
18138
20805
18417
20526
18278
20503
18085
20498
18078
20358
18264
20454
18067
23540
18047
20639
18155
20465
18027
20407
18234
20193
18032
20441
18126
20320
18228
21803
18126
20471
18151
20503
18074
20376
20606
20792
18310
20436
18106
20345
46768
21769
18112
20522
18414
20298
18196
20441
18108
20349
18157
20331
18087
20378
18131
23109
21439
21815
18155
20988
18062
20411
18006
20554
18024
20490
18081
20444
18192
20882
18008
20706
18420
20834
18145
20680
18070
24065
23347
20568
18193
20746
18093
20223
18202
20330
17904
21723
18413
20366
18054
20366
18110
20684
18343
20382
18205
20723
20804
21184
18038
20413
17964
20515
17875
20598
18028
20419
18020
20473
18159
20381
18114
20406
18084
20393
18046
21584
18032
20407
20915
22951
18082
20351
18328
20598
18139
20455
18197
20713
18137
20364
18164
20310
18045
20316
18108
20442
17993
20477
17915
23170
18556
20668
18280
20480
18005
21586
18163
20367
18070
20446
18018
20365
18131
20386
18062
20343
18147
20416
18056
20415
21413
21035
18361
20365
17997
20341
17903
20494
18064
20326
18192
20354
18143
20273
18125
21752
18312
20524
18084
20431
18020
26069
21202
20712
18403
20668
18052
20277
18117
20853
18079
20398
17964
20499
18111
20322
18134
20384
18167
20335
18124
20270
18101
23409
18616
21524
18284
20601
18182
20389
18130
20247
18204
20314
18041
20356
18203
20388
18151
20421
18164
20327
18098
20491
21456
20911
18006
20350
18134
20400
18078
20401
18098
20403
18160
21532
18365
20386
18046
20561
18112
20374
18189
20278
18159
22775
21199
20409
17951
20391
18540
20450
18048
20854
18087
23750
18715
20767
18042
20368
17945
20580
17868
20362
18052
21698
18050
23536
18356
20425
17909
20308
18247
20388
18111
20449
18025
20509
18219
20301
18015
20606
18056
20496
18030
20748
17977
20446
20802
20505
18329
20374
17961
20560
18100
21703
18323
20446
18164
20344
17995
20272
18212
20399
18139
20265
18122
20309
18139
20323
22893
20469
18089
20599
18158
20307
18092
20783
18381
20394
18126
20538
18177
20377
18497
21489
18288
20418
18383
20378
18201
23629
18320
20551
17950
20381
17997
20406
18106
20310
18119
20323
18307
20379
17958
20278
18086
20321
18426
20310
18006
20485
20845
20776
18402
21835
18119
20400
18104
20504
18353
20545
18154
20244
18236
20451
18031
20448
18157
20320
18144
22468
18370
20286
21642
20462
18038
20363
18171
20302
18065
20849
18113
20400
17980
21412
18290
20609
18014
20258
18180
20342
18109
20442
18018
23523
18416
20416
21196
23613
19511
20386
18105
20291
18220
20358
18001
20474
18118
20352
18010
20404
18068
20607
18071
21608
21232
21086
18434
20462
18004
20534
18268
20527
17859
20506
18024
20318
18177
20308
18069
20315
18298
20442
18061
20368
18068
20353
21257
20733
18136
20372
18050
20335
18285
21677
18593
20596
18094
20482
18041
20626
18162
20408
18045
20392
20424
20995
17976
23768
17927
20399
18053
20409
18065
20389
18183
20772
18084
20429
18061
20228
18072
20720
18444
21850
18343
20574
18134
20393
20938
20862
18275
20550
18006
20340
18231
20397
18058
20490
18378
20495
18358
20560
18052
20446
18062
22874
18320
20546
18256
20347
20891
23753
18001
20665
18440
20403
18134
20386
18372
20240
17983
20466
18309
20426
18111
20404
18092
20562
18001
20593
18065
23381
18195
20343
18133
20368
18140
20190
18163
20371
18259
21496
18117
20722
18328
20636
18363
20447
18083
20463
18036
20391
21272
20567
18194
20428
18081
20423
18048
20396
18115
20398
18099
20486
18298
20341
18187
20466
18182
20962
18067
21777
18184
20561
21061
20855
17973
20378
35708
20362
18005
20552
17908
20565
17942
20383
17950
20358
18106
20594
18245
20810
18418
20702
17990
23810
18348
20327
18069
20458
18302
21692
18671
20341
18049
20606
18064
20391
18145
20475
18304
20511
18052
20341
18165
20289
21015
20639
18376
20827
17888
20573
17946
20553
17926
20546
17969
20455
18031
22906
18387
21958
18092
20609
18339
20525
18096
20361
21048
20937
18291
20487
18070
20265
18116
20451
18099
20419
18071
20330
18066
20384
18117
20358
18079
20692
17975
20601
18127
25695
18338
21659
18345
20424
18935
20873
18340
20460
18050
20428
18200
20470
18069
20440
18076
20304
18106
20393
18123
20304
20923
20781
18094
20494
18016
20494
17795
20597
18277
20552
17942
21643
18070
20963
18300
20486
18177
20411
18182
20324
18024
20351
20898
21002
18339
20371
18114
20357
18097
20538
18315
20236
18378
20473
18080
20422
17960
20469
18056
20400
17966
21618
18110
24009
18121
20785
18120
20411
18009
20418
18097
20440
18100
20386
17875
20524
18096
20377
18128
20482
18333
20499
18055
20390
20631
20938
17924
20426
18004
20377
18077
21923
18077
20343
18137
22713
18339
20483
17994
20517
18065
20498
18308
20546
18038
20330
20967
20575
18050
20422
17999
20407
17946
20428
18102
20380
18009
20325
18204
20385
18559
21593
18332
20535
18348
20646
18032
23378
18329
20324
18179
21017
17994
20530
18104
20334
18093
20389
17936
20473
18091
20375
17915
20525
18096
20433
18131
20332
20869
21178
18140
21648
18094
20519
18258
20600
18452
20567
18115
20916
18090
20534
18359
20440
18323
20751
18169
20504
18029
20393
21222
20467
18054
20369
18162
20426
18057
20457
18008
20462
18116
21753
18333
20497
18006
20776
18187
20396
18123
20570
18148
23548
18277
20314
18084
20304
18080
20460
18156
20789
17937
20533
17870
20563
17946
20507
18728
20831
18155
20636
18066
21501
20799
20777
22896
23877
19131
20395
18073
20449
18030
22725
18248
20401
18126
20376
17949
20435
18106
20376
17963
20411
18021
20489
21118
20785
17989
20476
18093
20415
17947
21726
18143
20435
18414
20368
18078
20453
18049
20390
18094
20491
18111
20705
17863
23362
18324
20351
18329
20295
18052
23059
19136
20499
18351
20423
18102
20364
18173
20398
18278
21574
18305
20528
18145
20328
20744
20987
18217
20332
18094
20334
18158
20485
18119
20369
18246
20388
18383
20530
18088
20389
18074
20429
18182
20771
18072
20709
21098
20626
18127
21717
18284
20389
18149
21074
18516
20465
18108
20342
18102
20320
18140
20426
18282
20740
17883
20633
18401
23316
18300
20523
17956
20385
18079
20369
17983
20432
18067
20363
18061
21608
18374
20496
18255
20262
18419
20412
18086
20326
23067
21026
18145
20566
18000
20654
18056
22571
18140
20350
18135
20259
18015
20399
18101
20461
18041
20485
18025
20635
17940
22237
21092
20612
17905
20339
18336
20370
18003
20384
18202
20433
18216
20399
18021
20406
18080
20536
18204
20507
17985
20614
18225
23233
18428
20449
17974
20500
18092
20434
18190
21479
18146
20486
18251
20486
18126
20326
18167
20754
18039
20415
18085
20387
20862
20762
18034
23586
18355
20324
18109
20402
18057
20404
18137
20352
18073
20327
18261
20400
17879
21685
18069
20662
18099
20274
51660
20382
18250
20305
18249
20476
18089
20447
18037
20327
17910
20431
18194
20364
18009
20647
18154
20299
17782
20505
18117
23598
18297
20216
18365
21470
18184
20657
18089
20463
18346
20356
18328
20293
18251
20295
18285
20459
18014
20335
18097
20349
20719
20684
18048
20608
18005
22370
18535
20468
18148
20284
18138
20461
18334
21491
18382
20543
18199
20373
18079
20281
18368
20447
20904
20725
18275
20366
18124
20379
18062
20581
18095
20428
17890
20288
18362
20319
18093
20348
17999
20430
18067
20536
18006
24675
18045
20392
17919
20390
18052
20390
18242
20334
18025
20424
18100
20408
17996
20364
18076
20426
18290
20366
18047
20328
20797
22093
18376
20392
17905
20332
18129
21697
18180
20286
18052
20297
18015
20302
18180
20562
18063
20394
18068
20314
18132
21144
21087
20590
18057
20365
18074
20315
18173
20562
17838
20401
18136
20426
18081
20374
18046
21845
18284
20540
18248
20240
18103
23599
17968
20570
18442
20357
18097
20372
18023
20436
18067
20350
18072
20291
18214
20321
18172
20325
18181
20393
18396
20317
21001
22305
18090
21871
18148
20303
18046
20432
18048
20266
17985
22780
18032
20823
18333
20515
18372
20330
18333
20353
18090
20314
21077
20501
18260
20347
18230
20460
18105
20369
17879
20335
18146
21875
17879
20659
18371
20487
18074
20241
18144
20280
18235
23168
18152
20407
18026
20397
18030
20289
18107
20549
18066
20297
18085
20247
18028
20357
17952
20355
17939
20347
18063
21523
20940
21165
18369
20073
17855
20633
17843
20758
18391
20238
17905
20570
18251
20413
18110
20396
18125
20248
18227
20300
18231
20296
24081
22011
20558
20291
18178
20576
17974
21903
18159
20494
18051
20382
18052
20369
18065
20484
18175
20231
18196
20389
18131
23396
18429
20363
18179
20465
18015
20408
18479
20342
18129
20344
18180
20761
18025
20304
17997
21458
18317
20347
18012
21802
20847
20978
18110
20586
18111
20513
18453
20442
18026
20356
18198
20414
18204
20322
18490
20346
18405
20524
18042
20434
17993
20449
21355
20405
18072
21598
18391
20463
18056
20474
17971
20549
18524
20409
18252
20364
17994
20555
18088
20411
18142
20820
18094
23455
18094
20425
18124
20441
17919
20378
18209
20387
17972
20284
17881
21513
18286
20577
18131
20366
18146
20326
18070
20371
20910
20780
18148
20789
18019
20216
17878
20537
18351
20458
18078
20412
17971
20212
17748
20579
18318
20367
18194
20386
18085
24142
20833
20458
18039
20455
17941
20425
18162
20743
18046
20780
18424
20474
17983
20347
18075
20633
18285
20416
18080
20438
18072
28681
18213
20698
18002
20570
18444
20309
18568
21786
18156
20783
18450
20339
18112
20344
18059
20357
18088
22225
18201
20469
20975
20537
18416
20336
18066
20678
18065
20465
18107
20364
17955
20495
17968
20392
18038
20386
18027
21568
18167
20486
18349
20493
21144
20685
18247
20447
18092
20275
18008
20469
18159
20405
18041
20397
18060
20383
18068
20625
18187
20471
17986
20511
18366
23333
18356
20525
17995
21761
18323
20386
18128
20380
18118
20395
17979
20521
18131
20348
18084
20358
18062
20325
18051
20313
20706
20687
17884
20555
17915
20537
17937
20600
17913
20479
17940
20483
18005
21565
18242
20436
18028
20268
18055
20369
18001
20446
21155
20662
18440
20302
18141
20412
18750
39494
18262
20427
17884
20476
18134
20466
18022
20728
18105
20580
18322
20511
18433
24784
18102
20522
18049
20428
18026
20334
18138
20299
18023
20306
18133
20297
18149
20321
18225
22014
18396
20386
18015
20389
20783
20966
18142
20598
17986
20307
18104
20340
18058
21516
18071
20661
18003
20604
18309
20420
18190
20372
18043
20644
17989
20358
20628
20443
18113
20456
17723
20256
17726
20353
20700
20408
18087
20376
18161
20360
18107
20516
18206
22124
18082
20741
18076
25641
18050
20469
17963
20425
17943
20353
18397
20230
17839
20459
18157
20283
18272
20300
17830
20258
17910
20348
17976
20421
20676
20907
18106
20660
18258
21673
18069
20858
17955
20391
18387
20670
17981
20339
18208
20530
18075
20398
18125
20372
18121
20405
20792
20731
18346
20385
18157
20462
18074
20863
17986
20468
18096
20385
18018
21773
18441
20927
18066
20380
18144
20409
17859
23256
18297
20297
18352
20275
18006
20484
18082
20211
18216
20401
18048
23282
17993
22337
18121
20365
18227
20634
18156
20352
20659
21869
18241
20461
18011
20378
18129
20591
17909
20412
18029
20494
17899
20410
18071
20442
18127
20428
18051
20445
18052
20438
20830
21068
18484
20440
18040
20372
18044
20525
18001
21767
18597
20355
18044
20298
18056
20629
18127
20650
18179
20364
22391
23319
21550
20502
18112
20289
18073
20625
18013
20458
17966
20484
17895
20406
18158
20429
18084
20460
18401
21819
18282
20379
20702
21229
18251
20532
17929
20366
18134
20664
18531
20369
18078
20329
18064
20410
18039
20401
18040
20453
18021
20408
18051
20430
20572
20663
18003
20408
17889
21715
18152
20581
18054
20450
18179
20723
18436
20665
18045
20624
18440
23156
18349
20559
18375
23551
19040
20744
18081
20378
17903
20401
18220
20342
18014
21921
18463
21720
18442
20355
18130
20431
17985
20434
17960
20266
20826
20589
18081
20420
18115
20341
18049
20399
18005
20445
17965
20536
17873
20590
18057
20414
18196
20577
17989
20652
17972
21741
21186
20613
18004
20443
18128
20707
18066
20459
18035
20373
18116
20409
18117
20478
17998
20593
18017
20374
18002
20360
18079
23197
18290
20396
18325
20364
18169
20422
18077
21777
18317
20454
18033
20462
18141
20434
18162
20302
18022
20296
18031
20417
20786
20739
18107
20701
18224
20492
18089
20393
18036
20389
18085
20356
17962
20168
18372
20429
18096
21674
18164
20422
18415
20580
20995
20909
17955
20449
18411
20488
17995
20439
17998
20441
18031
20383
18044
20660
18065
20383
17856
20382
18064
20434
18083
23304
17914
20617
17777
21688
18084
20481
18172
22228
17988
20444
17899
20459
18145
20440
18116
20384
18004
20393
17947
20417
22637
20595
18161
20552
18195
20552
18400
20571
18044
20283
18279
20290
18045
21698
18364
20592
18279
20549
17833
20410
17975
20497
20624
20877
18007
20756
18188
20413
18048
20499
18049
20418
18010
20373
18095
20715
18175
20945
18053
20395
18042
20412
17917
24375
18043
20378
18119
20859
17779
23297
18347
20820
18029
20500
18000
21065
18386
20499
18341
20483
18138
20286
18087
20335
20796
20838
18362
20450
17991
20349
18133
21062
18083
21642
18183
20383
17940
20514
18026
20268
18160
20413
18052
20455
18102
20335
20933
20806
18605
20499
18022
20343
18198
20450
17912
20489
18095
20345
18114
20608
18071
20573
18222
21657
18065
20323
18069
23329
17940
20400
18356
20664
18083
21921
18068
20375
19174
39560
18168
20499
18060
20373
18030
20451
18016
20395
18127
20307
20784
20546
18053
20392
17936
21618
18131
20563
18025
20483
17976
20417
18114
20335
17943
20426
18065
20437
18103
20307
18050
20612
20944
20737
18239
20477
18141
20369
18042
20559
17938
20371
17885
20377
18139
21769
18169
20606
18373
20589
18092
20460
18012
23210
18164
20746
17907
20484
18445
20581
18431
20468
17997
20471
18071
20440
18081
20598
18161
20802
18126
20675
18214
20423
20844
22065
18220
20503
17865
20383
18262
20547
18030
20635
18124
20644
18080
20425
18401
20458
18146
20919
18150
20556
18096
21357
21114
20957
18166
20822
18220
20440
18392
20476
18090
21707
18320
20590
18228
20267
18040
20324
18083
20380
17934
20523
18184
23434
18408
20431
18040
22061
18046
20398
18104
20308
18235
20384
18189
20363
18017
22823
18593
20805
18263
21698
18230
24519
22757
21731
18216
20330
18332
20409
17981
20505
18057
20500
17918
20510
17891
20373
18050
20520
17942
20476
18118
20426
18083
20369
21169
20522
18225
20427
18095
21564
18107
20821
18430
20490
18113
20631
17901
20289
18091
20440
18094
20443
18121
20476
18103
23130
18076
20664
18358
20470
18110
20415
18179
20844
18110
20342
18046
20393
18025
21770
18100
20510
18362
20372
18090
20424
20911
21120
18141
20390
18090
20425
17985
20539
18295
20532
18233
20630
18000
20773
18048
20516
17982
20508
18370
20389
18069
20334
23040
21552
18213
20407
18136
20374
18390
20275
17971
20463
18069
20710
18103
20650
17999
20735
17910
20658
18359
20440
18151
23286
18158
22284
18112
20624
17911
20492
18813
20379
18209
21572
18101
20572
18340
20476
18135
20390
18055
20525
18054
20808
20929
20800
18396
20466
18084
20398
18122
20444
18001
20400
18118
20434
18111
20421
18056
20304
18109
20463
18087
21781
18088
20536
21058
20475
17967
20689
18096
20555
18033
20504
17984
20591
18360
20902
18006
20446
18155
20488
18150
20694
18461
20437
18712
23106
18142
20585
18294
20372
18101
21591
18190
20564
18077
20421
18381
20386
18164
20355
18190
20411
18053
20395
17995
20435
20721
21058
18407
23266
18158
20668
17991
20666
18022
20531
18525
20331
18044
20279
18138
21607
18035
20810
18099
20469
18447
20346
21085
20930
18371
20426
18123
20380
18097
20477
18060
20486
18003
20879
18141
20346
18066
20457
18164
20447
18022
20290
18107
25217
18396
21586
18185
20593
18297
20526
17993
20271
18157
20427
18039
20514
18360
20653
18154
20419
18097
20399
18114
20574
20675
20956
18198
20418
18031
20358
18175
20458
18073
20416
18237
21751
18114
20561
18050
20392
18048
20429
18399
20337
18352
20630
21157
21607
18075
20944
18192
20374
18609
20882
18006
20591
18170
20630
18097
20375
18044
20573
18403
21984
18624
20494
18090
23506
18066
20382
17938
20648
18316
20399
18216
20438
18416
20439
17971
20361
18400
20643
18124
20595
17926
26116
18147
20697
20981
20709
18114
20468
17998
21805
18210
20580
18421
20617
17891
20697
17742
20783
18154
20554
18392
20294
18162
20398
18155
20190
20704
20384
18000
20388
18015
20290
18186
20469
18213
20676
18063
20430
18106
21610
18061
20618
18005
22050
18188
20427
18006
23485
18344
20305
18131
20343
18239
20324
18162
20352
18059
20358
18131
20272
18154
20404
18134
20431
18004
20546
18435
20311
20813
21879
18179
20472
18121
20965
18405
20440
18067
20332
18032
20331
19476
20722
18729
20390
18163
20360
18099
20366
18166
20768
20815
20543
18313
20429
18045
20214
18080
20475
18093
21721
18392
20480
18442
20221
18330
20534
18061
20394
18030
20429
18119
25548
18120
20439
18042
20445
18205
20445
18103
20339
18080
20296
17823
20541
18150
20317
18179
20380
17999
21470
18208
20544
20765
20868
18023
20426
18039
20389
18046
20519
18126
20417
18165
20203
17916
20490
17855
20600
17943
20543
18032
20363
18603
26224
21388
20525
18125
20315
18122
21714
18357
20410
18023
20521
18021
20399
18101
20179
18004
22417
18249
20977
18069
20638
18247
23316
18113
20452
18096
20282
18055
20389
18170
20407
18014
20339
18126
20341
18093
21368
18243
20412
18122
20313
18088
20403
20704
20875
18462
20452
17971
20354
18205
20580
18385
20448
18042
20457
18080
20416
18077
20780
17912
20536
17900
20534
17866
20597
25802
22039
18133
20520
18022
20656
18007
20828
18410
20711
18191
20491
18097
20337
18080
20371
18130
20354
18170
20445
18324
23441
18092
20534
18432
20256
18172
20460
18065
20381
18065
21558
18363
20425
18076
20412
18140
20376
18156
20474
18067
20369
20798
20763
18501
20401
18147
20460
18071
20409
18581
20384
18135
20518
18004
20312
17862
20548
18388
20763
18093
22010
18070
23023
21054
20874
18454
20418
18147
20460
18023
20514
18330
20911
18027
20448
18029
22066
18095
20541
18130
20474
18359
20580
18415
23512
18089
20614
18077
20728
18393
21438
18223
20632
18404
20485
18337
20377
18059
20296
18094
20432
17935
20456
18306
20297
20817
20867
18378
20434
18060
20592
18055
20434
18336
20535
18098
20379
18089
20553
18011
21794
18281
20498
18112
20727
17962
20525
20825
20661
18050
20467
18052
20443
18033
20447
18079
20657
18211
20343
17997
20409
18283
20584
18170
20905
18375
20405
18167
23308
18098
21958
18190
20385
18063
20539
18186
20656
17799
20726
17932
20493
17999
20577
18276
20401
18346
20528
18020
20361
20819
21264
18022
20353
18063
20405
18055
20594
18404
20427
18095
21741
18317
20460
18119
20432
18153
20436
18150
20337
17834
20271
20807
20969
17994
20483
18393
20328
18161
20468
18132
20905
18098
21950
18236
20385
18089
20485
18092
20360
17952
21597
18399
23271
18043
20921
18002
20586
18310
20497
18134
20522
18079
20753
18414
20682
18085
20571
18403
20439
18144
20342
17982
20439
22583
21503
18352
20431
18068
20284
18142
21710
18130
20724
18182
20349
18045
20614
18124
20416
18415
20495
18026
20352
18025
20348
20974
20626
18157
20470
17984
20468
18332
20634
18069
21241
18482
20443
18010
20487
17965
21804
18416
20442
18112
20454
18223
23341
18286
21029
18067
20443
18065
20434
18233
20339
18054
20533
18022
20761
18164
20471
18428
20423
18104
20519
18055
20354
21251
20842
18475
21733
18375
20572
18106
20440
18081
20801
18151
20450
18135
20740
17900
20670
18202
20649
18200
20536
18058
20446
20904
20492
18713
20546
18175
20601
18041
20524
18080
22558
18151
21714
18382
20464
18039
20376
18089
20443
18112
20359
18163
23695
18157
20419
18056
20404
18151
20339
18165
20335
18009
20297
18007
20407
18337
20338
18055
20423
17948
20491
18053
21463
20747
20596
18161
20448
18104
20412
17946
20898
18051
20441
18098
20373
17847
20559
35502
20562
17940
20593
18037
20397
18064
20831
21082
20538
18143
20509
18098
20732
17901
22138
18210
20900
18618
20354
18060
20409
18080
20651
18069
20360
19873
24312
20013
23551
18440
20332
18156
20456
18009
20324
18075
20288
18173
20396
18114
20502
18171
20808
18247
21551
17991
20546
18391
20492
20690
21854
18395
20451
18079
20280
18084
20687
18122
20406
18166
20282
18183
20297
18118
20426
17906
20466
18079
20239
17913
21051
21090
21843
18353
20437
18156
22251
18247
20421
17937
20372
18190
20461
18077
20227
18220
20628
18147
23611
18081
20279
18112
23433
18030
20517
18127
20663
18458
20489
18425
20520
17913
21835
18443
20337
18041
20585
18051
20786
18163
20293
18086
20297
21227
20623
18294
20457
18011
20360
18112
20401
18085
20408
18127
20342
18118
20798
18028
20401
18015
20404
18082
21863
18013
20315
21023
20626
18322
20356
18171
20607
18111
20753
18095
20380
17901
20546
18018
20461
18083
20443
17950
20465
17943
20507
18210
23257
18554
20484
18081
20304
18011
21589
18364
20570
18289
20518
17921
20297
18008
20444
18032
20433
17988
20456
18167
20386
20659
20906
17934
20677
17920
20695
18303
20505
17961
20375
18522
20333
18195
20445
18046
21679
18578
20467
18274
20403
18046
20554
23559
20911
17950
21985
18230
20750
18132
20715
18379
20710
18180
20368
18030
20465
18184
20475
18352
20454
18013
20431
18346
23568
18151
21821
18288
20468
17960
20266
18123
20404
18200
20351
18341
20267
18078
20306
18079
20474
18007
20387
18134
20521
20726
20961
19904
22317
18435
20381
18151
20340
18084
20248
18381
21519
18395
20535
18276
20660
18007
20441
18326
20532
18013
20364
21693
20438
18015
20415
18016
20857
17878
20542
18013
20488
17912
20534
17814
20607
17967
20496
17855
20593
18023
21641
18087
23355
18104
20570
18062
20503
19351
20936
18417
20316
18116
20308
18148
20332
18185
20337
18111
20415
18048
20477
18362
20478
20803
21306
17965
20527
18099
20454
18407
22155
18378
20661
18042
20619
17884
20635
18386
20320
18289
20402
18092
20440
17993
20337
21079
22019
18191
21039
18084
20772
18249
20892
17997
20549
17937
20472
18155
20304
17976
21593
18192
20496
18106
20339
18472
23515
18322
20324
18435
20244
18254
20392
18265
20483
18175
20439
18040
20402
18067
20407
18230
20980
18019
20532
18416
20521
21087
20926
18642
21646
18364
20531
18002
20534
18002
20401
18130
20451
18066
20424
18036
20479
18114
20385
18318
20347
18074
20431
21696
20479
18109
20292
18028
20818
18111
20412
18066
20436
18323
21991
18026
20518
18020
20742
18010
20505
17901
20636
18369
23690
18144
20757
18265
20324
18106
20344
18242
20623
18235
20374
18100
20375
18185
20247
18151
20336
18137
20268
18228
21438
21048
21384
18366
20278
18082
20609
18101
20855
18141
20418
18001
20401
18063
20365
18034
20419
18183
20289
18136
20308
18101
22035
20927
20514
18385
20501
18159
20646
18052
21744
18405
21024
18122
20448
18106
20376
18059
20509
17890
20337
18089
20415
18028
23277
18375
20264
18282
20327
18340
20410
18179
20357
18048
20365
36143
20323
18097
22338
18054
26024
21387
22214
18355
20220
20857
20983
18401
20491
18003
20400
18112
20515
18402
20522
18067
20413
17944
20522
18115
20418
18079
20448
18096
20464
17988
20454
21131
20485
17950
21813
18344
20817
18198
20506
18395
20303
18214
20778
18697
20625
18402
20487
18198
20437
18174
20357
18035
25276
18297
20459
18074
20471
18195
20406
18324
20539
18038
20690
18052
22183
18054
20733
17831
20769
18009
20709
18258
20393
20892
20886
17882
20589
18070
20493
18325
20602
18308
20603
18262
20376
18230
20284
18127
20708
18129
20873
18418
21960
18550
21840
20882
20642
17911
20547
18036
20736
18163
20647
18156
20423
17973
20443
18426
20630
18062
20826
18099
20458
18044
20453
18126
23259
18371
20554
18025
20420
18136
20317
18058
21772
18553
20516
18121
20765
18154
20404
18025
20426
18064
20713
17896
20864
20724
21038
17819
20642
18343
20564
18077
20694
18324
20310
18332
20478
18063
20377
18056
20419
17930
21751
18348
20637
18010
20485
21035
21010
18186
20458
18050
20572
18319
20456
17980
20493
17911
20266
18157
20425
18131
20354
18159
20468
18286
20566
17974
23218
18014
20616
18307
21735
18358
20470
18105
20430
18078
20864
18136
20314
17974
20720
18057
20779
18034
20595
17832
20552
20937
20883
21102
20990
18278
20516
18273
20690
18388
20452
18190
20280
18158
21637
18644
20600
18349
22045
18264
20379
18104
20371
21179
20331
18411
20380
18189
20697
18251
20890
18098
20492
18146
20318
18172
20378
17877
20558
18038
20377
17947
20452
18099
24554
19475
20977
18117
20722
18045
20641
18470
20605
18014
20372
18449
20500
18026
20454
17969
20470
18085
20402
17987
20432
20723
20543
17961
20361
18018
20645
18383
21976
18267
20596
18352
20463
18080
20970
18093
21053
18330
20502
18072
20367
18181
20262
20784
20511
17988
20721
18006
20672
18059
20531
18463
20399
18094
20460
18185
20479
18155
21537
18247
20555
18377
20472
17842
23293
18141
20788
18317
20392
18056
20699
18331
20887
18041
20577
18124
20316
18062
20876
18400
20358
18425
20410
17951
20321
20646
21195
18026
21887
18125
20775
18411
20606
18252
20481
18151
20370
18031
21997
18278
20396
18074
20511
18080
20411
18133
20192
20823
20779
18328
20664
18359
20469
18011
20560
18148
20955
18063
21933
18289
20661
18015
20441
18571
20479
17973
20509
18154
23535
18076
20496
17989
20485
18412
20356
18143
20522
18028
20325
18112
20421
18177
20342
17960
20362
18132
20297
18037
21714
22778
20646
18102
20522
18148
20409
18202
20811
18001
20784
18373
22053
18346
20381
18123
20520
18251
20537
18115
20734
18004
20433
21217
20501
18072
20720
18133
20309
18233
22163
18090
20485
18039
20358
18121
20443
18097
20464
18114
20670
18141
20849
18196
23833
18406
20485
18342
20395
17951
20483
18217
20518
18269
20325
18190
20323
18194
20339
18223
21573
18373
20514
18140
20433
25781
20997
18127
20389
18602
20625
18289
20490
18074
20751
18131
22237
18084
20505
18121
23197
22090
21850
18349
20481
18244
20480
21007
20841
18186
21964
18508
20494
18089
20537
18078
20326
18124
20415
18132
20522
18086
20825
17968
20461
17994
20467
18043
23541
18360
20509
17902
20562
18094
20471
18053
20578
18211
20777
18287
21811
18040
20345
18089
20755
18442
20579
18129
20329
21095
20627
18134
20361
18023
20524
18362
20539
17979
20423
18239
20808
18113
20341
18148
20376
18389
20852
18043
20331
18066
21923
21366
20506
18514
20951
18020
20474
18393
20384
18177
20363
18081
20385
18093
20334
18193
20886
18088
20381
18047
20428
18113
23331
18596
20422
17784
20480
18037
20547
18145
21738
18406
20501
18155
20533
18312
20436
18221
20689
18067
20775
17881
20471
20691
21075
18170
20445
17997
20416
18076
26203
18186
22876
18428
20472
18030
20363
18079
20401
18209
21682
18265
22741
18313
21181
20845
20900
17884
20354
17928
20439
18030
20433
17814
20387
18056
20575
18049
20559
18035
20531
18085
20563
18243
20344
18189
23510
18249
20568
18017
21648
18191
20607
18219
20486
18096
20782
18094
20438
18091
20480
18001
20493
18042
20349
17921
20463
20802
20694
18162
20409
17877
20382
18113
20431
18041
20417
18132
20403
18074
21657
18415
20550
18138
20411
18042
20833
17977
20468
21255
20792
18124
20370
18098
20464
18128
20510
18041
20368
18183
20368
18147
20371
18105
20398
18235
20330
18086
20347
18063
24593
18137
20508
18420
20395
17962
20449
18127
20481
18419
20522
18068
20383
18033
20497
18118
20677
17750
20695
17959
20567
20773
20611
18103
20284
18272
20435
18131
22645
18012
21852
18382
20430
18119
20797
17778
20733
17930
20471
18013
20431
17858
20574
22998
20990
18123
20389
17880
20483
18157
20617
18070
20720
18139
20684
17904
20354
18140
20462
18324
21532
18417
20443
18491
23443
18064
20910
18400
20437
18137
20345
18122
20322
18020
20301
18130
20558
18079
20451
18368
20535
18264
20971
17928
20633
21151
20468
17954
20387
18038
21538
18386
20418
18075
20435
18199
20297
18050
20394
17883
20387
17981
20333
18311
20434
17961
20420
21055
20969
18122
20396
17972
20511
17952
22686
18193
20392
18006
20485
17989
21683
18566
20417
18072
20467
18047
20448
18098
23547
18284
20418
18013
20699
18319
20858
18215
20784
18006
20399
18089
20355
18067
20555
18329
20599
18051
20553
18003
20471
20779
22003
18161
20892
18086
22139
18088
20736
18437
20393
18236
20449
17894
20422
17967
20485
18038
20464
18038
20331
18063
20383
20793
20786
18014
20683
18034
20466
18107
20506
18332
21746
18054
20777
18201
20403
18123
20379
18342
20526
18135
20415
18098
23510
18127
20536
18314
20512
18022
20523
18226
20395
18287
20555
17992
20512
18038
20843
18045
20627
18321
21704
18252
20782
20751
20567
18125
20373
18118
20449
18047
20783
17967
20475
18347
20488
18324
20394
17959
20418
18073
20415
18104
20452
18124
20370
20927
21669
18396
21634
18107
20420
18083
20443
18097
20385
18372
20245
18114
20449
21741
20445
19056
20589
17978
20532
18078
23345
18077
20652
17929
20474
17973
20448
17921
20555
17820
20565
18013
21480
18358
20451
18092
20458
18019
20380
18043
20354
20671
22411
18175
20735
18202
20450
18082
20387
18087
20368
18154
20389
18078
20378
18088
20545
17872
20467
17977
20292
18101
21833
20765
20516
18396
20434
17930
20411
17997
20406
17829
20487
18330
20433
18057
20663
18067
20776
21312
20542
18215
20536
18119
23201
18319
20431
18031
20447
17968
20389
18256
22026
18232
20471
18080
20281
18095
20406
18205
20239
18051
20331
18008
20361
21050
53198
18411
20465
18328
20347
18070
20504
17978
20349
18133
20285
18015
20457
18157
20377
18088
21575
18492
20448
18036
20531
20890
20600
18008
20711
18286
20546
18415
20683
17863
20373
18071
20384
18076
20473
18081
20504
17970
20423
18017
20400
18104
25309
18272
20356
18119
21616
18606
20609
18134
20387
17966
20423
18001
20528
17992
20500
18006
20474
18060
20356
18032
22160
20744
20832
18043
20726
17866
20386
17857
20680
18408
20320
18226
20346
17981
21806
18128
20464
18031
20533
18352
20502
18404
20560
21313
20507
18113
20330
18376
20519
18054
20398
18211
20415
18081
20359
18176
20749
18084
20735
18206
20411
18047
20448
18123
24433
18142
20396
18042
20324
18086
20315
18165
20456
17956
20351
18120
20454
18359
20413
18069
20394
17874
20420
17944
20409
21315
20760
18212
20388
17919
20327
18264
20919
18137
21939
18379
20701
18039
20416
18001
20684
18181
20737
17983
20261
18379
20633
21520
20556
18152
20466
18068
20397
18110
20723
17952
20492
17995
20466
17967
20571
17851
20476
18046
21677
18131
20340
18012
23457
18132
20620
19190
20901
18414
20504
18473
20392
18054
20511
18004
20805
18022
20447
18103
20471
17839
21963
18125
20538
20775
20813
18021
20414
18068
21534
18085
20895
18298
20459
18386
20465
18152
20782
17976
20534
18087
20484
18082
20770
17906
20682
20870
20601
18026
20773
18102
20594
18132
20428
18418
20548
18106
20434
18364
21532
18134
20393
18170
20678
18232
20414
17954
23624
18415
20486
18035
20404
18035
20489
18201
20360
18433
20356
18179
20718
18042
20667
17990
20577
18362
20532
18081
20304
20697
21779
18169
20393
18056
20336
18066
20453
17856
20466
18087
20663
17828
20465
17946
20554
18020
20269
18131
20407
18308
20705
21112
20756
18082
20367
18075
20376
17962
20620
17885
21648
17939
20535
17941
20608
17980
20315
18048
20434
18072
20346
18131
23364
18030
20673
17991
20512
18035
20476
18346
20515
18334
20371
18004
20339
18116
20401
18057
22047
18196
21622
18153
20677
20926
20527
18095
20353
17940
20434
17984
20536
18110
20455
18150
20327
17989
20429
18143
20760
18381
20618
18017
20441
18005
20733
20915
20802
18270
20454
18073
21782
18423
20584
18114
20556
18056
20503
18028
20335
18109
20407
17807
Average throughput: 50181.657601 op/s latency: 19.637200 usec
Done!
