Run the test of 10000 requests
32 blocks in total, max key is 961
Cache built. 2 layers 32 entries in total.
thread 0 op_count 10000
47088
18388
15930
17385
16961
15909
17551
15543
17424
17222
15795
17358
16896
15232
16999
17146
16825
17464
15994
17337
18839
17123
17211
16810
15540
16948
17212
15438
16680
15163
16841
17009
15430
16784
17592
15675
17116
17083
15497
17565
17311
15830
19373
15706
18318
17328
15904
17205
18167
15897
19342
15309
19022
18290
15750
18153
23265
20038
22293
15661
18378
18056
15543
18312
18464
15777
39011
15572
19497
18034
15784
17754
18487
15514
17995
15594
18503
18442
15640
18110
19153
15614
18193
15266
18260
19772
15850
18150
17789
15845
18196
15328
19684
18424
15889
18315
18144
15871
18163
15580
18420
18275
15561
18373
17881
15721
20374
15404
18040
18028
15642
18027
18968
15846
17910
15381
19462
17906
15602
18367
18117
15932
18403
15271
18396
18098
15729
18135
18864
15699
17840
15647
18118
18111
15696
18031
18111
15939
18399
15346
19530
17848
15587
18264
19529
15896
18310
15502
18396
20044
15802
17915
18258
15765
18466
15346
18204
18369
15403
18142
18196
15820
18135
15436
19305
18512
15592
18055
18168
16131
38331
16077
18565
17967
15828
18089
19131
15935
18583
15603
18299
18303
15252
17870
17874
15679
18045
15641
19485
18325
15821
18091
18181
15573
18339
15310
18270
17900
15603
18293
18073
15808
18489
15384
18191
17972
15984
18353
18966
15853
18424
15314
19174
19657
15796
18325
17635
15730
18189
15351
18253
18304
15641
18224
17657
15854
18099
15823
18268
18108
15947
17927
18076
16179
19962
15731
19517
18494
15937
18356
19435
15730
18264
15652
18241
17844
16083
18087
18214
15883
18495
15353
17963
17966
16158
18399
18051
15621
17950
15636
19338
18011
15654
18138
18149
15940
17947
15544
17927
18167
15848
18132
18926
15860
17953
15542
18179
19880
15826
18123
18276
16110
18505
15654
19267
18008
15907
18097
17864
15828
18478
15406
18342
18462
15592
18361
17809
15781
19953
15760
18836
18108
15881
18333
18850
15923
18532
15569
19696
17931
15286
17888
18138
15592
18183
15649
18283
17891
15487
18345
18077
15681
21356
15302
18235
18041
15646
18181
17927
15616
18179
15339
19046
18013
15705
18253
18845
15603
17933
15504
18206
19560
15588
18286
17912
15919
18303
15401
18404
18032
15341
18204
17812
15907
18473
15105
19567
18320
15897
17869
17929
15808
19967
15759
18056
18038
15642
18207
19405
15862
18455
15294
18261
17979
15886
18358
18321
15616
18385
15514
19322
18456
15825
18131
18094
15876
18424
15622
18124
17923
15877
18286
17939
15827
18244
18068
18059
17913
15622
18175
18923
15841
18011
15453
20373
20209
15337
18006
18194
15624
18087
15314
18127
18087
15619
17985
18318
15829
18390
15592
18217
18066
15591
18145
17947
15661
19895
15737
19165
17976
15878
18207
19278
15697
18152
15341
18212
18464
15426
18097
17898
15672
18254
15606
17874
17922
15890
18161
18304
15789
18228
16053
19509
18412
15876
18546
17975
15573
17985
15063
18533
18352
15777
18088
21291
15882
18223
15497
18263
20043
15550
18566
17933
15869
18395
15386
22334
18049
15822
18397
18211
15846
18117
15372
18224
18197
15842
18306
17993
15782
20113
15721
18661
18154
15628
18237
19544
15743
18421
15275
19594
18289
15874
18091
18202
15869
18533
15264
18242
17840
15670
17791
18047
15620
18433
15246
18209
18153
15388
18081
18116
15735
18104
15581
19471
18229
15554
18057
19063
15838
18031
15388
18323
19609
15481
18177
17734
15825
18302
15245
18195
18196
15827
18151
18073
15784
18437
15340
19421
18185
15808
18044
17881
15769
19929
15664
18003
18464
15607
18380
18782
15854
18250
15343
17992
17629
15829
18422
18499
15788
18208
15645
19366
18426
15825
17807
22476
15771
18256
17221
23023
22186
15603
18427
17837
15373
18309
15344
18195
40782
15444
18212
18961
15735
17882
15407
19460
20025
15761
17897
17937
15929
18189
15424
18492
18105
15878
18249
18055
15643
18236
15793
18253
18205
15763
18526
18444
15812
20023
15849
20099
18456
15849
18153
19097
16116
18335
15587
18420
18126
15692
17921
18211
15872
18135
15160
18212
17985
15956
18427
18125
15953
18105
15405
19307
18217
15876
18372
17982
15652
18198
15541
18254
18431
15715
18201
19161
15563
18365
15396
18721
22459
15255
18539
18209
15769
19892
15398
18403
17715
15222
18535
17982
15867
18122
15384
22627
18574
15516
17917
18176
15360
20022
15714
18317
18476
15618
18202
19419
15573
19575
15377
18376
17937
15685
18404
18616
15620
17944
15666
18157
18251
15639
18398
18048
15723
17905
15659
18192
18469
15684
18584
17912
15822
19647
15431
17998
18321
15786
18160
19429
15682
17903
15649
18038
20138
15547
17990
17957
15823
18441
15530
18271
17962
15834
17878
18122
15911
19332
15174
18041
18004
15734
17901
18183
16051
20159
15762
18537
18299
15618
17809
18996
15870
18231
15403
18303
18092
15562
18150
18105
15577
19331
15448
17828
17892
15636
17825
18438
15892
17870
15634
18446
18205
15830
18373
22165
15638
18516
15338
18455
18555
15871
18669
19430
15821
19828
15667
18239
19839
15676
18061
18150
15924
18137
15318
18345
17929
15910
17969
17906
15737
18410
15931
18141
18286
15944
18417
18433
16168
21181
15679
18554
18193
15601
18351
20199
15839
17934
15613
17968
18406
15555
18043
17777
15668
18133
15233
18415
18218
15775
18207
18031
15832
19564
15331
18237
18348
15434
17937
17947
15612
18175
17235
18161
18090
15655
18256
19413
15907
18484
15321
17863
19786
15572
17957
17779
15849
19631
15805
17976
18559
15622
17984
18081
15844
18280
15665
18071
17821
15369
18109
18194
15196
19997
15674
18237
22133
15854
18569
18706
15524
19533
15312
18198
18126
15839
18086
18196
15638
18140
15674
17780
18167
15281
18247
18410
15912
18124
15351
18146
17866
15826
18004
18019
15735
19144
15395
18210
18080
15668
18054
19496
15914
18141
15517
18274
19758
16175
17989
18309
15923
17886
15532
18299
17637
15633
18154
17830
15601
19549
15693
17862
17936
15470
18081
18471
15730
19718
16062
17953
18134
15629
18039
18880
15830
18389
15665
18126
18236
16177
18072
18192
15865
19167
15346
18163
17995
15892
18084
18450
15431
18063
15586
18474
18375
15708
17983
17548
16139
17874
15628
18124
18318
15886
18291
21145
15672
23928
15235
18272
20034
15815
18003
18253
15661
17894
15676
18204
17802
15616
18245
18022
15625
18160
15668
17831
18152
15641
18015
17817
15957
21257
15423
17983
18091
15534
18045
19195
15574
18298
15546
18054
18327
15594
18226
17772
16034
18397
15357
18564
17825
15621
18096
17767
15943
19696
15349
18419
18124
15665
18400
18240
15790
18221
15354
18440
18062
15794
17781
18661
15831
18212
15222
17855
20145
15784
17942
18380
15889
19644
15284
18474
18202
16023
17916
17765
15522
18122
15608
18043
18097
15512
18108
18158
15755
20157
15444
18065
19163
15692
18177
19273
15819
19500
15541
18127
18224
15356
22612
18074
16159
17923
15325
18074
17863
15889
18491
18232
15624
18318
15610
17906
18055
15896
18108
18071
15604
19493
17893
18428
22097
15687
19008
21032
15859
17944
15599
18266
19990
15342
18333
17796
16058
18118
15352
18071
17946
15563
18164
17874
15520
19143
15235
18450
17941
15292
18053
17640
15236
19599
15527
18164
18424
15596
18220
19181
15876
18271
15686
18308
17707
15575
18021
17770
15588
19331
15502
17852
18173
15185
18360
18186
15588
17802
15319
17851
18201
15505
18143
18030
15752
18163
15103
17894
17978
15912
17864
19341
15929
19411
15363
18273
19833
15540
18095
17922
15864
17939
15624
23008
18180
15795
18030
18325
15654
17817
15389
18147
18279
16095
18196
17912
16210
21152
15656
17995
18101
15938
18047
19303
15589
18237
15401
18252
18053
15831
17893
17723
15963
17815
15407
17909
17750
15388
18078
18116
15418
19272
15052
18151
18118
15809
18048
17940
15814
17954
15880
18015
17760
15919
18049
19009
15615
18066
15841
18222
19802
15352
18332
18000
15948
19758
15280
18098
18017
15482
18129
17860
15781
18123
15423
18064
18143
15911
18312
18075
15736
19565
17654
19240
18166
16109
18142
18808
15925
19185
15946
18172
18150
15778
17994
18385
15560
17877
15374
17900
18394
15512
18173
22875
15882
17942
15120
18245
18441
15839
17852
17827
15779
18933
15315
18193
17928
18827
18522
19405
15711
17924
15617
17825
19885
15548
18107
18106
15896
18156
15679
18340
18162
15708
18513
17847
15551
19360
15424
18136
17793
15622
18001
17794
15614
20091
15988
18209
17822
16221
18287
18782
16000
18546
15335
18504
18047
15556
17930
17919
15997
19147
15462
18017
18421
15775
17947
19511
15803
18009
15382
18163
18183
15583
18323
18165
15728
18345
15595
18149
17754
15890
18053
20581
15824
18140
15376
18262
19458
15698
17845
17906
15858
18122
15430
18400
18144
15487
18135
18023
16091
18098
15559
22276
18146
15644
18110
19484
15338
19972
15673
17840
18134
15808
18204
19130
15613
18030
15667
18412
18051
15566
18009
17799
16157
18124
15553
18169
18134
16068
18161
19281
16254
17832
15616
17851
17850
15648
18104
18153
15618
18187
15418
18196
18127
16226
18259
18765
16023
18069
15298
18331
19930
15549
17997
19004
16028
18276
15570
18564
17788
15879
18083
18106
15548
18398
15779
17954
18346
15940
18021
17563
15941
19611
15685
18287
18049
15614
18155
20831
15666
17926
15851
18224
17886
15520
17971
17775
15690
17999
15383
18178
17929
15843
17796
17942
15859
18254
15590
18135
17870
15663
18050
23946
15916
18123
15369
18071
18175
15593
18124
21363
15822
18388
15469
18611
20123
15813
18018
17889
15430
18327
15784
17883
18041
15538
18164
19970
15833
18524
15388
17947
18263
15535
18286
18480
15756
19991
15470
18220
17888
16242
18030
22918
15743
18479
15575
18132
18448
15953
18128
19143
15940
18105
15593
18280
17885
15528
18399
18439
15886
18089
15640
18118
18180
15966
18173
17648
15811
17899
15555
18126
18252
15842
18007
19931
15845
18039
15065
18114
19764
15592
17898
17931
15697
17897
15336
17873
18106
15577
17738
17913
15637
18095
15618
18097
18255
15855
18141
19781
15958
20164
15785
18236
22190
15567
17855
19108
15797
18198
15471
18082
18036
15926
17708
18155
16008
17969
15404
17889
18335
15657
17958
19113
15798
18045
38028
18125
18151
15628
17816
18097
15539
18018
15440
18329
18310
15821
18194
19028
15900
18143
15864
18045
19961
15769
17830
19604
15759
18231
20219
21911
18064
15350
17996
17520
15295
18310
15143
18624
17891
15882
18054
18044
15831
19675
15759
18184
17998
15924
17890
20100
15896
18186
15847
18425
18387
15794
18037
17773
15588
17979
15435
17953
17824
15508
18086
18061
15787
18292
15330
18059
18009
15538
18007
19689
15678
18243
15157
18057
18178
15325
18082
19153
15587
22261
15286
18253
20090
15307
18166
17759
16169
18424
15342
18102
17725
15735
18341
18870
15867
18228
15881
18245
17939
15626
18225
18141
15841
19592
15444
18234
18012
16086
17800
19034
15633
18126
15604
18323
18374
15732
18230
19236
15870
18064
15344
18182
17906
15537
17991
18603
15792
18320
15429
18154
18061
15915
18100
18141
15749
17844
15579
18039
17886
15326
18401
23837
16179
18283
15552
17903
20106
15608
18491
18130
15897
18268
15371
18400
18169
15607
18353
18128
15412
18107
15653
18218
18082
15326
18016
19336
15877
20011
15455
18328
18194
15920
17805
19116
15658
18222
15337
18229
18218
15794
21949
18274
15623
17913
15592
17943
18080
15268
17978
19224
15951
18099
15090
18139
18128
15429
17977
18014
15532
18135
15349
18120
17967
15527
17872
19054
15647
18128
15318
18052
19808
15873
17989
19226
16008
18108
15679
17943
18215
15477
18043
17918
15914
18065
15645
17875
17995
15587
18204
17640
15615
19551
15450
18182
17789
15782
18034
20707
15801
17902
15443
18049
17678
15572
18106
18249
15997
18083
15625
18409
17688
15648
18125
18228
15494
18150
15612
18026
18067
15853
17855
19056
16120
17964
15613
18103
18409
15865
18012
19084
15546
17808
15659
17980
20026
15554
18086
18116
15946
18235
15350
22198
17919
15545
18110
19391
15686
18344
15583
18415
18425
15850
18010
18292
15802
19835
15418
18018
17966
15816
18103
18981
15722
18392
15410
18436
18066
15538
18271
19028
15701
18336
15586
18349
17726
15550
17827
18023
15634
18271
15410
18404
18277
16075
18006
18108
15317
18140
15858
17841
18284
16055
18105
20569
15693
17857
15391
18158
19970
15357
18066
18238
16196
18433
15322
18204
18517
15246
17802
17607
16100
17669
15379
18215
17730
15607
17762
19095
15717
19823
16011
18488
18146
15849
18130
18816
15721
20993
15844
18104
18064
15763
18094
18217
15896
17985
15610
18175
17916
15662
18225
23792
15601
18430
15375
18337
17874
15906
17725
17904
15192
18083
15434
18010
18045
15630
18060
21093
15877
18104
15540
17784
19830
15683
18415
19316
15875
17831
15578
18346
18329
15908
18238
18100
15842
17858
15829
18237
18133
15329
18038
18080
15701
21039
15751
18043
17921
15611
19827
23003
15592
18304
15464
18405
18332
15925
18450
17840
15711
17951
15380
17812
17913
15867
17836
18374
15808
18003
15579
18283
18130
15371
19387
18398
15701
18142
15111
18243
17954
15837
17822
18915
15635
18472
15677
18139
19956
15815
17832
18021
15946
18222
15711
18001
18311
15787
19401
17614
15814
17761
15991
22454
18221
15837
18061
18034
15781
19913
15658
18304
18368
15682
18021
19341
15865
18072
15721
18140
20898
33527
19619
17676
15906
17836
15283
18082
18134
15571
17938
18115
16005
18177
14981
17845
17992
15571
18069
17646
15953
18449
15720
18150
17823
15526
19336
19086
15866
18379
15647
18233
19723
15638
18132
18102
15788
18455
15381
18163
17915
16174
18155
18131
15864
18386
15839
18250
17978
19606
23038
22200
15463
19999
15759
18475
18055
15649
18083
18822
15821
18143
15585
18047
18135
15466
18053
18164
16167
17987
15542
18215
18142
15514
19343
18039
15873
17894
15620
18248
17945
15917
18037
22451
16263
17957
15771
18490
18088
15758
17872
19431
15727
21034
16223
23060
20072
15919
19927
18036
15570
18466
15373
18430
17789
15664
18138
17704
15676
17855
15313
17774
18180
15653
18403
17781
15862
20143
15857
18074
18363
15713
19232
18863
15706
18565
15428
18269
18226
15510
18107
18066
15716
17875
15373
17886
18099
15601
18353
18085
15579
18102
15581
18287
18148
15672
19408
18004
15859
17999
15333
18116
17913
15277
18007
19098
15581
18263
15518
18167
19846
15797
18129
18081
15321
18219
15490
17956
18083
15894
19569
18064
15828
17888
15297
17883
18146
15653
18057
18050
15680
20106
15444
18217
22656
15547
17973
19233
15900
18626
15372
18390
18282
15322
19431
18328
15573
18043
15319
18252
18078
15871
17819
18022
15882
17928
15806
18042
18017
15528
18202
17894
15782
18196
15151
17956
17732
15731
19903
19288
15660
18681
15685
17980
20101
15646
18084
17670
15950
17886
15325
17899
18020
15639
18202
17964
15768
17897
15824
18641
17913
15489
19254
18231
15863
19518
15647
18278
18055
15925
18131
18956
15838
18404
15494
18219
18113
15780
18057
18317
15682
17927
15355
18104
18284
15305
19417
18378
15594
18054
15577
18266
17956
15667
18004
18121
15506
18194
15640
17848
17960
15855
18146
19018
16049
21167
15596
18170
20015
15355
19438
18264
15880
18538
15437
18014
17829
15801
18361
17800
15626
18198
15570
18379
18192
15407
18193
17597
15511
19677
15424
18194
18120
15603
19454
19105
15895
18216
15581
21127
18321
15355
18068
18173
15731
18316
15518
17862
18042
15825
18386
17955
15669
17870
15151
18378
18107
15958
19708
18175
15910
18125
15697
18638
17871
15654
17818
19240
15655
17837
15326
17991
20322
15515
18808
17965
15728
17962
15262
18097
17915
15728
19378
17715
15532
18168
15081
18266
18180
15590
18024
17849
15799
19923
15673
18273
18033
15753
18404
18782
15968
18404
15352
17960
17836
15763
21557
18007
15846
18182
15616
18193
18172
15686
18007
17984
15655
17754
15387
18005
17886
15812
18299
18054
15842
18331
15506
18131
17707
15577
19483
21206
15746
18105
15590
18075
19852
15717
17771
17841
16179
17954
15525
18315
17572
15968
18029
17932
15254
17868
15899
18012
18169
15763
19086
18091
15820
19896
15874
18179
17762
15863
17968
19402
15810
18205
15268
18141
17990
15713
18044
17872
15664
17838
15653
18180
18102
15821
19256
18059
16122
18027
15697
18202
17848
15360
17839
17606
15530
18046
15560
17876
17784
15761
17956
18886
15821
18107
15669
17877
19812
16057
19519
18426
15608
18136
15281
20138
18364
15552
18026
17771
15663
18232
15582
18183
18194
15555
18327
17729
15874
20009
15704
18216
17926
15890
19435
18783
15611
17926
15657
18386
17955
16016
18394
19536
34476
18057
15409
17941
17523
15413
18015
17952
15841
17892
15767
18042
18408
15618
19271
17971
15646
18399
15400
18151
18205
15863
18005
19059
15838
18110
15615
17985
23110
15741
18197
18263
15630
18112
15148
18137
18194
15827
19132
18197
15968
18694
15420
17869
18183
15833
18333
17822
15945
19858
15764
18388
18187
15895
18127
19265
15912
18500
19234
23296
18124
15313
19400
18141
15522
18435
15312
17870
18339
15874
17904
20248
15770
18202
15602
18101
17998
16086
18040
17931
15558
18296
15417
18394
17817
15539
19394
18810
15604
18228
15403
17839
21288
15750
17883
18084
15828
17930
15688
18050
17765
15345
18130
17623
15717
18143
15317
18165
19794
15779
18070
18055
16148
19655
15546
18236
17956
15598
17989
19419
15807
18054
15608
18145
17923
15636
18091
17917
15921
18017
15367
18338
19342
15466
18296
18471
15765
18035
15853
18126
17945
15353
18129
17773
15609
18433
15518
18004
18107
15918
18068
19174
15882
18082
15429
18253
21495
15657
17915
18311
16107
18139
15361
18187
17754
15883
17934
17967
16015
18181
15689
20316
18189
15725
18227
17874
15981
19570
15765
18326
19150
15814
18445
19009
16178
18112
15840
18214
18238
15835
18067
17750
16188
17898
15365
18143
17674
15637
18282
17930
15735
18094
15289
18422
19194
15619
18024
17916
15826
18394
15356
18169
18091
15905
18474
18967
15740
17850
15702
18204
19892
15820
18016
17774
15997
17982
15400
17892
19134
15985
18188
18065
15725
18274
15833
18497
18443
15815
18085
18213
15397
19852
15755
18139
18177
15845
18234
18727
15963
18284
15394
18206
19164
17851
18530
17956
15949
18144
15354
18196
17936
15780
18018
18345
15900
18107
15905
17829
18193
15887
18048
20736
15842
18171
15676
17875
19423
15647
18069
18819
16084
18011
15386
18154
20050
15723
17817
17868
15848
18091
15668
18342
18075
15827
18357
17753
15697
18062
15588
18087
19321
15755
18118
17863
15881
19982
15686
17895
17967
15935
18029
19411
15950
18059
15687
17935
17809
15819
17802
18232
15699
18035
15317
18441
19346
15831
18565
18091
15634
17830
15428
18274
17810
15907
18090
18344
15673
17932
15762
18569
17870
15879
18049
19129
15925
18189
15608
17807
21041
15984
18191
18199
15881
18188
15548
18123
18033
15930
18055
18152
16044
17849
15731
18073
17628
15858
18035
18241
15519
19902
15953
17970
21582
15308
17985
18869
15938
18159
15645
18211
17584
16223
17982
17973
15381
18286
15457
18684
17925
15642
18207
18074
15944
18300
15490
18144
19386
15682
18150
18129
15628
18168
15325
18519
18482
15904
17980
21327
15970
18239
15520
18235
19747
15674
18017
17845
15743
17743
15513
18275
19524
15411
18099
18081
16154
17882
15409
18101
18222
15756
18412
17826
15679
20235
15697
18220
17836
15566
17924
19301
15581
18155
15590
18154
19306
15810
18056
17939
15868
18061
15356
18316
18560
15532
17947
18046
15870
18236
15377
17796
18394
15953
17778
18112
15707
18442
15873
18118
19245
15807
18134
18740
15600
20469
15320
18235
19550
15871
17993
20513
16024
18629
15612
18230
18222
15887
18020
17692
15924
18418
15336
17888
19403
15977
17948
18074
15759
39949
15458
17882
18035
15967
18296
18810
15913
17779
15404
17908
18324
15620
18409
18328
15892
17845
15723
17849
19080
16171
20163
18204
15822
17990
15382
18096
18404
15518
18082
18245
15751
18275
15374
18403
17879
15596
18010
18764
15872
18118
15256
18147
21568
15588
18188
18096
15923
18080
15682
18174
17916
16056
18082
17635
15893
18071
15678
18053
18082
15671
17960
17899
15833
20177
15585
18320
19018
15857
18053
19038
15834
17900
15349
18398
18105
15606
20552
18291
15887
18253
15867
18066
18481
15497
22818
22288
15724
17759
15488
18456
19350
15811
18046
18360
15652
18142
15354
18346
18322
15804
18115
19115
16118
18506
15687
18096
19747
15580
18337
17959
16250
18233
15300
18132
19353
15635
18178
18182
15658
17868
15644
18372
18289
15592
18085
18163
15837
19841
15752
18014
18279
15898
18060
19134
15965
18146
15617
18160
19371
15732
17948
18335
16005
17792
15393
18210
18427
15286
18150
18187
15562
18114
15601
18117
18236
15894
18025
17802
15822
18944
15450
18401
19358
15728
18133
19071
16091
18458
15776
18062
19920
15908
17772
17873
15409
18211
15405
20458
18338
15447
18079
17784
15947
18261
15499
18292
19423
15607
18699
17903
15851
19699
15720
18205
18416
15628
18191
19462
15849
18446
15864
18277
18326
15547
17788
20619
16432
18549
15994
18269
19014
15296
18117
18010
15965
18248
15413
18043
18218
15839
17952
18115
15844
17788
15351
17838
18108
16156
17953
19005
15527
17858
15653
17959
21169
15919
18064
17726
16016
18424
15682
18291
18271
15594
18001
18146
15921
18215
15383
18074
18199
15893
18071
17573
15805
19649
15736
18235
19288
15781
18200
18968
16059
17871
15608
17947
17940
15536
18105
18182
15931
18127
15667
18253
18298
15588
17708
19639
15875
18277
15688
19366
18373
15690
18032
17800
15817
18426
15393
17817
18181
15549
17840
18854
15839
18346
15564
18125
20195
15578
18092
18002
15901
18114
15492
19462
18353
15592
18395
17968
15875
17832
15577
17886
17934
15581
17838
18093
15772
19873
15968
17881
18260
15634
18243
18903
15904
18402
15331
19363
18071
15738
18065
18047
15590
18075
15745
18218
18151
15815
18071
18016
15900
18216
15412
18026
18501
15664
17805
17956
15576
18168
15300
19440
18425
15555
17978
19104
15854
18402
15406
18184
20007
15643
18133
17952
15540
17707
15607
17913
18375
15641
18024
17984
15340
18315
15849
21723
18540
16124
18411
17954
15879
19540
15925
18224
18157
15621
17838
18789
16065
18035
15450
18163
17931
15594
18033
18459
15789
17933
15357
19942
18136
15576
18110
18182
15751
18013
15286
18216
18205
15901
18015
18193
15709
18154
15605
18183
17863
15654
17838
20748
16103
18408
15868
19487
20225
15710
17903
17839
15836
20016
15939
18437
17796
15602
18030
17755
15552
18035
15343
18242
18264
16004
17922
17945
15807
19577
15420
19807
18191
15826
17749
18942
15877
18147
15382
17997
17828
16004
18035
18048
15855
17824
15379
18433
18172
15943
17760
18072
15866
18232
15203
19274
18260
15356
18017
20630
15683
18417
15370
18151
18078
15503
18132
18893
15615
18418
15859
18079
20111
15808
18431
17840
15363
17745
15157
19036
18455
15816
18461
18121
15771
17720
15345
17938
18169
16087
18034
18220
15814
19545
15897
18401
17960
15589
17837
19274
15851
17900
15897
19590
18173
16080
17797
18110
15666
17946
15157
18112
17924
15911
18173
18165
15916
18303
15587
18214
19616
33859
17744
17987
15835
18174
15621
19474
18501
16188
18056
18892
15847
18481
15431
18158
20354
15754
17836
17933
15927
18236
15389
17864
18111
15651
17811
18003
15529
18246
15460
19465
17907
15644
18330
17935
15874
19865
15734
18169
20348
15737
18281
18990
15958
18174
15913
18203
17702
15581
17761
17958
15645
18126
15293
19026
18503
15782
17766
17702
15921
18193
15316
18247
18091
15608
17846
18096
15596
18078
15137
18178
21954
15677
18018
19344
15852
18025
15825
19604
20173
15611
17828
17889
15571
18072
15070
18250
17704
16183
18197
18094
15775
18242
15579
17921
17903
15812
18322
17989
15944
19558
15689
19165
17921
15572
18176
19146
15753
18085
15844
18363
18161
15565
18106
18292
16010
18179
17273
18124
17878
15532
17941
18022
15467
18033
15403
19459
18042
15458
18229
17917
15625
17855
15383
17835
17870
15628
17991
18990
15840
20388
15719
18013
20111
15625
18057
18124
15668
18097
15370
19048
17955
15901
18125
18077
15869
18016
15419
18186
18545
15699
17907
18390
15673
19578
15672
18497
18034
15551
18039
18829
15860
18158
15662
19496
18140
16130
18057
17937
15678
17827
15384
18052
17697
15294
18053
18131
16032
18075
15698
17825
18136
15366
18445
17972
15893
18296
15464
19351
18117
16113
18132
19170
15623
17783
15450
17999
19453
16083
18160
17608
15648
18108
15152
17917
18206
15844
18343
17961
15534
18272
15364
19266
18237
15767
18060
17923
15887
19839
15939
18384
17948
15372
18154
18899
16116
18236
15402
18187
18301
15759
20847
18051
16105
18068
15392
19399
18164
15372
18078
18269
15629
18124
15403
18413
18383
15836
17878
18484
15633
18403
15584
18469
17867
15784
18112
18979
16187
18582
15676
19497
20186
15662
18115
18421
15584
18067
15611
17956
17999
15592
18092
18161
15594
18140
15332
18406
17752
15774
18060
18148
15366
19517
15560
19425
18395
15615
18283
18988
15700
17865
15738
18253
18013
15804
18319
18202
15935
18320
15790
18109
18243
15611
18071
18353
15802
18277
15607
19698
18322
15895
18027
18070
15771
18176
15122
18244
18127
16130
18385
24069
15938
18390
15375
18128
20247
15790
18127
18201
15673
17850
15376
21997
18621
15406
18088
17956
15398
17843
15701
18120
18275
15645
17819
17964
15974
19819
15721
18331
18203
15605
18249
19386
15812
18353
15613
19215
18557
15632
18628
18444
15917
17968
15403
18340
17979
15588
18099
18404
15863
18404
15555
18396
18416
15615
18034
18059
15537
18509
15192
19537
18384
15841
18061
21023
15629
17752
15382
18167
19840
15631
17790
17879
16262
18208
15361
18082
17883
15866
18199
17933
15366
18295
15660
19245
18103
15967
18096
17884
18836
22753
15525
18490
18075
15620
18349
19188
16212
18394
15317
18318
17712
15655
18154
17897
15901
19953
15141
18236
18966
15493
20651
18373
15954
18421
15628
18142
18126
15715
18043
17801
15892
18331
15880
17885
17976
15312
18176
18715
15825
19328
15349
18219
20021
15603
18168
18109
15989
17872
15682
18520
18163
15608
18089
18080
15743
18183
15708
18352
18453
15790
18123
17895
15711
21392
15708
18477
18107
15900
18013
18960
15731
18262
15607
18008
18105
15530
18053
18013
16009
18395
15422
18145
17893
19945
17829
18244
15608
19503
15301
18158
18253
15923
18048
18240
15930
18045
15640
18115
18177
16067
18303
19053
15733
18181
15161
18251
20130
15468
18120
17811
15975
19235
15412
17847
18047
15293
18327
17921
15833
17851
15441
20759
17926
15621
18093
18185
15811
19927
15568
18047
18276
15895
18087
19138
15961
19581
15773
18546
18114
16128
17828
18168
15325
18136
15438
17908
18144
16476
18559
17741
15821
18209
15314
18001
18214
15658
18200
18108
15796
19511
15405
17993
18077
15738
18245
19348
15642
18162
15096
18301
20324
15675
18584
17698
19942
22375
16159
17943
18372
15372
18070
18108
15883
19465
15629
18370
18097
15223
18161
18211
15684
20049
15979
18335
17851
15887
18458
19010
16143
18221
15320
18140
18373
15515
17908
17927
15874
19246
15512
18334
17991
15265
17930
18338
16097
18144
15242
18149
18197
15617
18342
20323
15537
18346
15380
18162
18251
15339
18092
18802
15547
19535
15154
18294
20035
15710
18489
18049
15610
18214
15435
18619
18101
15406
18109
18284
15835
18099
15328
18376
18277
15674
17839
18139
15329
21111
15783
18256
18221
15850
18172
19668
15589
18130
15695
18421
17910
15855
17978
18426
15779
18034
15134
18235
18216
15916
17820
18326
16186
19461
15486
17924
17900
15683
18456
17916
15525
18118
14998
17879
18162
15570
17968
18744
15923
18237
15656
18110
19624
15550
18025
18213
15962
19363
15594
18406
18052
15339
18224
18099
16048
18503
15643
17972
18034
15365
18027
18394
15814
19817
15750
18218
20816
15716
18250
18920
15952
19198
15588
18232
18333
15556
18174
18262
15636
18381
15657
17996
18152
15649
18427
18103
15697
18288
15628
18449
17687
15675
17795
17838
15847
19696
15382
18147
18358
15597
18349
19317
15394
18063
15438
18640
19797
16106
18125
18242
15724
18071
15644
17903
18041
15899
20206
18315
15756
19520
15703
18078
18529
15676
18123
18169
15536
20083
15639
18052
17962
15437
18164
19250
15981
18340
15410
18223
18470
15568
18121
18119
15734
19493
15728
18454
17908
15793
18114
18317
15764
18609
15764
17982
17893
15856
18102
18181
15792
18191
15721
18472
18212
15858
18168
19376
15914
21396
15653
17926
19619
15920
18202
18009
15988
18068
15788
18321
18327
15637
17993
17903
15678
17746
15697
18032
18400
15573
18254
17848
15811
21130
15818
18172
18171
15849
18067
18741
15666
18289
15467
18022
18115
15888
18196
17944
15913
18033
15398
17906
18392
15879
18207
17930
16178
19419
15741
18185
17850
15658
18369
18392
16034
17969
15600
18231
17987
15630
18159
21681
16068
18167
15428
18051
19756
15384
18374
18051
15886
19453
15573
17929
18241
15645
18051
17954
15600
18104
15139
17926
18184
15668
18396
18113
16059
19854
15753
18504
17565
15547
18048
18990
15663
19281
15392
18196
18051
16087
20265
18213
15904
17913
15774
18016
17936
15569
17757
18521
15475
17836
15637
17938
17639
15331
18265
18094
15874
19827
15345
18513
17700
15922
18459
18865
15846
18049
15461
18211
19926
15863
17790
17924
15840
18315
15361
18111
18213
15761
18098
17828
15824
18972
15679
17913
18175
15763
18019
17629
15898
19594
15787
18006
18096
15944
18076
19260
15788
18053
37839
18339
18302
15519
18119
17901
15888
19399
15585
17867
17991
15725
18045
20339
16234
18323
15564
18006
17923
15569
18607
18401
15831
18169
15367
18022
17901
16046
18467
19198
16122
19535
15106
18139
19957
15540
18374
18092
15883
18126
15546
20202
18151
15415
18118
17929
15771
17977
15664
18179
18163
15796
18190
17862
15930
20919
15603
18117
17905
15287
18343
19001
15796
18065
15593
18204
17830
15603
17923
17881
15954
17925
15331
17860
18070
15719
17941
17931
15770
19638
15676
18416
18356
15853
17858
18193
15300
17980
15333
17978
17942
15576
17846
19113
15863
18086
15666
18241
21306
15786
18301
19307
16082
18527
15271
17884
17872
15544
18117
17735
15625
17997
15887
17884
17858
18191
22097
22260
16104
19969
15472
18477
18487
16111
18141
20377
15915
17888
15811
18406
18126
15669
18237
18091
15920
18495
15813
18174
17697
15824
20348
18212
16209
18033
15620
18019
18068
15629
18069
18935
15830
18485
15361
17958
17749
15892
18177
19090
15948
18153
15622
18099
19819
15781
18166
17882
15975
18176
15759
18010
18442
15603
17977
19155
15397
17950
15647
18053
18375
15878
18507
17975
15862
20077
15716
18219
18043
15657
18317
19280
15896
17939
15712
18266
18169
15581
17793
19345
15987
18347
15322
18259
17799
15869
17914
18261
15932
18300
15266
17990
18196
15611
18384
17815
15932
17813
15208
17841
17904
15669
18015
20461
15898
18012
15708
18088
19782
15793
18203
17882
16211
18209
15593
17915
17869
15614
18143
17952
15628
22325
15665
20274
18007
15595
18093
19426
16261
19836
15523
17940
17979
15661
18018
19852
16020
18120
15570
18280
18102
15601
18152
18270
16144
18148
15381
18176
18162
15297
17987
19214
15907
18674
15581
18152
18429
15827
18457
17855
15304
18417
15283
18123
17937
15586
17866
18831
15864
18075
15596
18554
19961
15761
18049
19388
16345
18299
15319
17918
17965
15628
18182
18024
15599
18010
15904
18088
18178
15538
18163
18140
15542
19848
15724
17955
18207
15398
18110
20485
15800
18217
15641
18595
18032
15620
17884
18274
15318
18171
15321
18076
18266
15829
18526
18117
15935
18307
15601
18074
17910
15846
18476
21093
15709
18236
15471
18157
18128
15856
18361
19202
15956
18385
16370
22344
19891
15803
18118
17928
15598
17889
15419
18062
17884
15717
18255
19024
15819
17912
15382
18110
18060
15954
17767
18144
15813
20340
15778
17955
17861
15678
18231
18994
15972
18572
15688
18195
17965
15592
17783
19302
15491
17885
15574
17956
17835
15607
18238
18228
15827
17825
15361
18247
17921
15629
18141
18194
15663
18156
15331
17891
17896
15671
18335
21968
15833
18113
15360
18397
20228
15544
18175
17834
15605
17882
15856
17833
18353
15498
18078
18049
15566
17753
15325
18075
17901
15734
18123
18897
15938
19856
15796
18197
19910
15835
17856
18828
16053
17895
15528
17856
17923
15783
17758
18100
15679
17757
15461
18425
17955
15594
17936
19157
16139
17861
18370
18321
17900
15699
18064
18189
15759
18107
15815
18256
18140
15866
17929
19080
15511
18044
15173
18173
19904
16012
17865
19280
15838
17821
15274
18055
18099
15567
18271
17835
15976
17984
15235
17933
18087
15807
17926
18395
15841
19885
15431
18029
18458
15841
17969
20318
15896
17940
15349
17997
18032
15636
17756
17862
15629
17984
15399
18257
18414
15781
18097
40272
15827
18454
15391
17846
17700
15308
18292
18984
15706
18095
15489
18014
18497
15631
18088
19112
15837
19904
15368
18196
20114
15591
18372
17907
15848
17898
15372
18084
17929
15590
18002
19408
15931
18230
15342
18166
18017
15717
17968
18087
15502
19859
16130
18586
18097
15643
18113
18959
15767
18412
15543
18399
18472
15361
18133
19193
15627
17798
15280
18328
17790
15518
18246
17974
15712
18449
15856
18080
18145
15443
18031
18275
15545
18147
15369
18193
18099
15516
18148
20290
15814
18125
15410
18438
19962
15587
18057
17846
15905
17891
15245
18169
18112
15605
18154
17695
15579
18117
15386
18041
18425
15815
18009
18965
15619
19795
15701
18252
18060
15963
18417
19390
15887
18474
17720
22782
21241
15672
19579
18140
16001
17957
15256
18140
18310
15892
17913
19771
15546
17860
15906
17845
18412
15867
17903
17856
15828
18073
15363
18160
17612
15963
18093
18862
15780
18240
15056
18055
19907
15653
18013
19273
15878
18411
15466
18109
17638
15622
18145
18145
15699
18128
15412
20692
19037
15836
17881
17960
15577
20162
15643
18131
17688
15922
18324
20441
15711
17926
15681
18355
17698
15671
17711
17715
15993
18092
15310
18134
18512
15845
17851
18025
15876
18464
15357
18177
18616
16099
18072
19011
15715
18167
15486
17967
17910
15711
18000
19098
15820
18284
15663
18073
19770
15856
17851
18141
16039
18169
15358
19794
18470
15603
18091
18760
15499
18121
15567
17991
18376
15421
18166
18106
16091
19613
15600
18519
17745
16015
18064
18946
15274
18272
15467
18408
18500
15795
18042
19954
15811
18081
15649
18143
18150
15669
17755
19278
15546
18111
15434
18298
17793
15553
18459
18136
15748
18450
15613
18165
17940
15549
19289
18864
15617
18709
15494
18102
19944
15622
17877
18315
15808
17903
15885
18052
17989
15482
18094
18102
15638
18157
15308
17858
17853
15870
19432
18281
16033
20052
15741
17993
18335
15928
18076
19048
15849
17782
15312
18156
18354
15904
18104
17940
16045
17964
15253
18066
18521
16138
20995
18063
15861
17815
15316
18150
17945
16046
18194
18004
15767
17902
15340
17922
17869
15800
17994
18881
15908
18189
15529
18123
19585
15563
19622
18273
15640
18446
15390
18278
17988
15574
17871
18090
15692
18006
15898
18089
17785
15654
18262
17817
15801
19602
15701
18001
18282
15328
19191
19677
15828
18330
15617
18169
17825
15827
18024
18388
15672
17852
15267
18053
18344
15215
17829
17970
15758
18409
15806
17902
18413
15554
22527
17946
15790
18451
15414
18035
18443
20058
18771
22669
15741
18115
15566
18199
19888
15836
17759
17811
15971
17837
15467
18090
17842
15511
19208
18508
15785
17721
15247
19961
17934
15802
18304
17888
15614
19553
15402
17936
18310
15837
17890
18785
15551
18095
15327
18115
18141
15844
19166
18316
15500
17868
15668
18234
18306
15647
18247
18401
15901
17728
15336
18184
18652
15275
17825
17910
15692
18271
15273
18205
17705
15640
19368
18995
15847
17791
15403
17937
20269
15969
18145
17909
15625
18090
15300
18468
17833
15771
18054
17780
15546
17797
15485
18359
18042
15585
19316
17891
15468
19999
15708
18170
17889
15607
18325
18801
15768
18148
15543
17918
18031
15657
18364
18159
15851
18323
15196
17864
18430
15541
19956
18501
15550
18146
15799
18193
18149
15924
18052
20156
15560
18512
37662
18200
18100
15813
18006
19463
15809
17927
15935
17864
20035
15776
19550
18234
16020
18039
15414
17957
17580
15405
18057
17873
15428
18119
15009
19010
18129
16116
18125
17923
15791
19671
15714
18096
17908
15638
19466
19027
15906
18153
15886
18220
18063
16055
18086
17880
16174
17965
15391
18383
18105
15570
18150
18038
15811
17899
15329
18192
18182
15734
19146
18187
15720
18177
15311
18343
18075
15563
17989
18846
15390
17848
15301
18310
20062
15546
18103
17715
15829
18189
15325
18425
18036
15650
19373
18252
15804
18237
15655
18226
18129
15849
21351
18622
15791
20072
15900
18466
19743
15606
18604
18778
15875
18147
15310
18488
18433
15315
19361
18359
15629
18122
15353
17870
18114
15362
18185
18346
18602
21892
15894
18237
17918
15938
18086
17861
15545
17934
15438
17927
18217
15646
19354
19223
15859
18023
15565
17905
20288
15509
17906
18367
15558
18073
15355
17855
18081
15546
18431
18167
15840
18318
15444
18075
17863
15814
19166
18281
15856
19607
15798
18610
17913
15548
18520
19170
15780
18095
15630
17906
18049
15638
18182
18099
15967
18415
15556
18214
18148
15548
19703
18345
15804
18206
15277
18162
18268
15640
18497
17934
16042
18183
15364
18121
17882
15896
18332
23497
15532
19689
15553
18206
19910
15915
19282
18192
15901
17889
15272
18161
18259
15583
17968
17964
15610
17992
15671
18238
18210
15840
17792
17933
15646
19835
15470
17996
17906
15810
19198
19037
15863
18325
15826
18167
18140
15445
18020
17947
15870
17730
15597
18039
18643
17285
21009
17933
15727
18097
15634
18079
17958
15576
19482
18088
15746
18243
15263
18269
17892
15305
17983
18970
15737
17899
15775
18160
20014
16122
18392
17994
15863
17948
15359
18315
17936
15353
19323
18046
15866
18105
15636
18203
17938
16043
17789
17882
15589
19745
15841
18220
17855
15953
18300
18923
15615
17990
15375
18192
18127
15519
21340
18296
15984
17960
15367
18322
18142
15661
17988
18111
15875
18214
15356
17933
18098
15534
18060
17885
18150
18723
15604
18186
17969
15778
19353
19316
15942
18403
15319
17823
19757
15593
18094
18057
15802
17901
15708
18121
18034
15997
18326
18086
15860
17972
15599
18144
18283
15816
19563
18204
16112
19917
15508
18451
18157
15836
18246
19341
15673
17869
15981
18346
18123
15791
18426
17780
15962
18456
15525
18174
18073
15658
19336
18027
15799
18655
15545
18024
17983
15637
17855
18423
15730
18133
15661
17999
18579
15635
18264
21349
15801
18040
15590
18104
20238
15887
19551
17900
15871
18123
15700
19739
17978
15593
18088
17908
15772
18482
15370
17883
17926
16325
17957
18169
15946
21352
15747
18248
18900
15853
18146
19086
15745
18296
15309
18154
17963
15562
18218
18407
16337
17963
15613
18092
18447
15800
17789
17976
15917
17794
15265
17915
19177
15723
18162
17997
15503
18423
15326
17846
17878
15830
18300
19097
15812
18208
15413
18493
19760
15604
18049
17867
15877
17823
15425
18375
19453
15824
18459
18242
16107
18204
15558
18507
18175
15593
17960
18282
15941
19913
15694
18328
18076
15878
18198
19395
15836
17910
15540
18267
19073
15456
18477
17911
15992
18171
15512
18146
17934
15904
19573
18352
15754
18129
15876
17910
18083
15514
18473
18031
15768
18115
15438
17862
19424
15767
18071
19112
15898
18566
15554
18217
20182
15603
18020
17847
16067
18236
15587
17878
17937
15627
18298
17875
15651
18198
15676
17913
19197
15341
18132
17954
15838
21716
15895
18541
17945
15873
18143
19180
15740
18248
15474
18217
17973
15766
18121
18127
15727
18378
15652
18283
19435
15541
18151
18161
15867
17935
15901
18147
18133
15567
18110
18234
16185
18197
15442
18166
17843
15384
17791
18607
15930
18323
15298
18158
21265
15750
18192
18016
16135
18467
15496
18434
17969
15525
18052
18007
15564
18157
15723
19567
17940
15471
17802
17944
15832
20146
15411
18196
19370
15635
18206
18725
15854
17777
15679
18064
18216
15615
18076
18354
15584
17924
15518
17932
17930
15727
18007
18016
15732
18157
15598
18410
19227
15506
18177
18095
16117
18313
15349
18086
23196
20281
21803
19141
16021
18108
15320
18228
20368
15485
17987
18185
16157
18151
15381
18046
18949
15742
18276
18159
15773
17914
15587
18069
17940
15682
18038
18053
16031
20130
15971
18471
17893
15560
18105
18854
15762
18372
15877
17947
19255
15798
18116
18023
15682
18125
15345
18137
18341
15567
18323
18032
15445
17867
15617
18236
18277
15539
17866
19546
15900
18100
15407
18090
19295
15771
17869
19275
16120
18195
15647
18275
20081
15863
17834
17880
15582
18091
15350
18202
18687
15888
18150
17682
15626
18545
15636
18005
19076
15234
18051
18097
15893
20155
15742
18203
17944
15576
18133
18868
15907
18450
15417
18265
17877
15573
18010
18365
16194
18317
15357
18207
19249
15805
18230
18017
15856
18174
15538
18296
18184
15849
18501
18179
15536
18024
15445
18826
18571
15647
18169
19029
15656
18055
15850
18339
21352
15864
17813
18180
15810
18298
15557
17908
18181
16146
18223
18175
15681
18071
15660
18195
17951
15865
17717
18246
16111
19596
15760
18463
21020
15589
18179
19394
15841
18304
15554
18184
18472
16034
17731
17870
15596
18092
15678
18181
18214
15653
18270
18013
15890
18190
15729
18311
19408
16079
18214
18204
15825
18186
15366
18281
18460
15825
18072
19091
16105
17966
15588
18165
19984
15595
18727
17895
15813
18014
15873
17937
19209
15731
18106
17585
15277
18179
15330
17965
17939
15591
17843
17809
15334
19906
15688
18154
17963
16080
18186
19179
15934
17940
15679
18001
19712
15776
18062
18318
15939
18006
15712
18066
17966
15428
18113
18232
15926
18109
15368
18213
17905
15569
18056
18042
15839
18297
15261
18124
18806
15485
18134
21065
15820
20216
15752
17989
19634
15727
18056
17772
15358
17786
15602
18082
17943
15675
17896
17797
15940
18419
15929
18110
19819
15796
18061
18300
15568
19560
15918
18268
17835
15801
17832
18990
15898
18058
15695
18170
18209
15870
18397
17879
16014
18315
15546
18031
19019
15728
18216
18118
15507
18163
15670
17967
17944
15940
18173
18134
15850
17903
15854
18062
17848
15403
18139
19140
15993
18510
15702
18284
21310
15591
18252
18057
15504
18321
15536
17950
17670
15288
18127
18085
15848
18028
15384
18059
18238
16081
18145
18255
15752
19929
15748
18071
19226
15951
18565
18980
15458
18234
15411
18252
18257
15655
19777
18381
16083
18129
15329
18319
17822
15601
18358
18236
15592
18369
15309
18167
19012
15552
18302
18178
15537
18196
15217
18145
18178
15874
18068
19152
16022
17860
15467
18126
20085
15526
38316
17967
15409
18239
15876
18271
19632
15799
18565
17925
15883
18455
15265
18199
18173
15821
17856
18396
15852
19784
15678
18260
17776
16172
18356
18907
15891
18171
15461
18204
19057
15213
18453
18038
15270
18193
15123
17895
18001
15569
18076
18146
15690
18129
16017
18243
18273
15654
18552
17874
15921
18115
15295
18181
19931
15979
18122
19658
15391
18113
15540
17885
21203
15690
17798
17876
15944
19577
15399
18309
17821
15868
17961
18040
15725
17831
15359
19460
18624
15306
17759
18171
15491
20076
15544
18264
17926
15524
18360
18629
15854
18074
15281
18393
17911
15505
18161
18359
15959
18184
15374
19712
18130
15253
18070
18073
15886
17839
15315
18186
18438
15313
17734
18112
16052
18191
15350
18157
18012
15823
18138
19002
16122
18056
15650
19277
20348
15860
18669
18305
16253
20417
19353
22769
18278
15795
18122
18317
15457
18110
15593
18166
17856
15893
18070
18185
17739
21647
15650
19605
18507
15374
17719
19132
15797
17845
15519
17961
18064
16005
18137
18165
15840
17910
15810
17938
17886
15501
19636
18492
15574
18182
15352
19268
18025
15791
18415
18117
15611
18470
15380
18406
18189
17054
18504
19278
16027
18088
15740
18011
19992
15726
18099
18153
16013
18053
15334
19310
17913
15810
18068
17959
15561
18029
15545
18189
18331
15268
18275
18037
15593
19853
15654
18229
18192
15669
18515
18991
15835
18052
15919
19476
18349
15765
17861
17911
15803
18245
15036
18127
17920
15569
18269
18455
15748
18629
15294
18468
17899
15911
18231
17677
15698
18135
15388
19097
17857
16154
18098
19169
15612
17895
15309
18242
20089
15559
18151
17852
15967
18163
15602
17906
17684
15803
17985
17939
15582
17847
15764
21181
18227
15485
18007
18089
15587
19702
15688
18273
17645
15585
18168
18847
15858
18096
15612
18129
18136
15766
18445
18341
15607
18110
15328
18995
18033
15583
18185
18117
15813
18340
16075
18135
17910
15372
18246
17991
15776
18289
15500
17962
18194
15687
17842
19041
15795
18418
15345
19801
20095
15792
18111
17594
15603
18198
15573
17970
18002
15591
18217
18170
15250
18204
15333
17900
18449
15645
18099
17903
15614
20110
15745
19390
17780
15815
18045
19083
15554
18107
15793
18006
17864
15856
17869
18277
15603
18146
15624
17904
18135
15527
18224
18222
15808
18001
15290
19490
17812
15884
17813
19865
15320
17901
15351
17934
18110
15531
18142
21085
15928
18126
15161
18142
19764
15538
18253
17950
15690
18629
15396
19532
18154
15631
17820
17943
15836
18123
15380
18501
18343
15522
17881
17888
15878
19609
15523
17973
18050
15600
18091
21246
15976
18029
15500
19615
17917
15845
18014
17988
15608
18230
15559
18498
17816
15668
17666
18116
15843
18349
15315
18245
18690
15828
17747
17873
16109
18452
15374
19017
17726
15780
18090
19199
15552
18469
15276
18092
20046
15589
18056
17898
15949
17801
15145
18060
17929
15501
18044
18036
15552
17806
15562
19042
18018
15829
18028
18202
15811
19617
15454
18050
19920
15824
18135
18600
15774
18104
16120
18265
17806
15517
17815
17891
15547
18105
15339
19421
18206
15584
18066
18458
16058
18180
15649
18267
17893
15330
18401
17942
15596
17866
15280
18025
18183
16076
17751
19199
15741
17862
15571
19084
20068
15878
18047
18309
15956
18030
15317
18200
18472
15763
18039
17972
15772
18391
15307
17965
18189
15603
17678
17934
15256
19877
15651
19436
18474
15567
18176
19217
15450
38503
15549
18159
17865
15745
18069
18311
15614
18180
15351
17948
17797
15504
17950
18025
15724
18455
15306
19283
18303
15585
18333
18186
15520
18395
15323
18380
17923
15552
18112
18928
15831
19902
15588
18290
20128
15680
18290
18104
15866
17935
15291
19387
17965
16047
18107
17888
15495
18102
15266
18194
18436
15665
17828
18007
15834
20483
15585
18586
17961
15972
18414
18613
15343
18363
15407
19289
18230
15602
18085
18213
15854
18111
15291
18499
17832
15307
17804
18271
15639
18202
15302
18388
18060
15538
17736
17891
15258
18499
15546
19700
17847
15416
18034
18832
15798
18677
15877
18113
19589
15298
18268
17818
15840
17982
15477
18483
18422
15909
18306
18186
15422
18245
15674
19501
18046
15956
18007
23803
19406
22161
15481
18230
18175
15702
17815
19009
16057
18154
15340
18303
18125
15683
19636
18020
15821
18161
15377
19581
18300
15577
18081
18058
15721
17920
15417
18185
17788
15750
17781
18191
16001
18026
15085
18196
17995
15634
18254
18715
15579
17874
14958
19407
19661
15628
17857
18111
15514
18161
15318
17975
17942
15822
18489
18347
15837
17949
15512
18208
18190
15811
18299
18425
15719
19781
15729
19416
18449
15929
18164
18974
15979
18644
15504
18237
18129
15507
18038
18166
15897
17992
15529
18283
18068
15565
17965
19515
15521
19431
15386
17927
18128
15941
18080
18228
15400
18379
15334
17925
17730
15659
18303
18891
15793
17890
15312
18267
19726
15480
18051
18144
15670
20743
15369
18284
18325
15911
18411
17905
15518
18172
15377
18168
17892
15673
18221
17938
15845
19960
15507
18329
17854
15756
18108
19701
15684
19359
15380
18582
18271
15545
17815
17962
15941
18062
15374
18233
18193
15685
18355
18058
15748
18165
15561
18246
18007
15663
18043
18088
15902
19672
15799
18292
18052
15552
18101
19040
15806
18097
15583
18047
19972
15577
18238
18017
15850
18388
15080
18376
18205
15575
18140
17976
15873
19353
15476
18165
18421
16136
18477
18501
15816
20259
15481
18172
17952
15719
18067
19294
15879
18414
15369
20862
18284
15849
18053
17981
15750
19114
15363
18211
18740
15797
20132
18095
15496
18140
15276
17916
18012
15607
18020
17967
15811
18398
15359
18193
18058
15741
18155
21162
15718
19432
15311
18052
19974
15572
17747
17907
15853
18339
15591
18277
18095
16187
17987
17716
15298
18071
15677
18156
18035
15722
18347
17927
15842
20740
15704
18354
18075
15782
17989
19034
15761
18217
15556
18468
18280
15372
18027
17985
15576
17791
15367
18390
17812
15775
18077
18191
16003
19508
15303
17991
18010
15423
17890
18177
15750
18005
15216
17948
18354
15722
18052
19091
15883
17934
15549
18144
20282
15523
18002
18041
15545
19250
15560
18235
18061
15567
18565
17855
15775
17823
15257
19921
18200
15936
18199
17821
15760
19687
15681
18013
18074
15791
18449
19099
15751
19250
15427
18152
18270
15600
18097
17790
15601
18008
15517
18356
18474
15803
18446
18412
15757
18194
15526
18322
17943
15659
17760
17893
15910
19726
15543
18193
17778
15445
18549
18984
15310
18159
15316
18128
20306
15826
17870
18042
15930
18270
15047
18316
18222
15821
18265
18040
15785
19022
15292
17940
17910
15940
17943
17708
15554
19739
15618
18439
18156
16020
17923
19181
15721
18372
15319
18119
18374
15550
17853
17765
15895
19492
15508
18394
18099
15396
18023
18291
37541
18265
15522
18291
18267
15506
18246
19539
15548
18358
15392
18318
17731
15781
18093
18843
15787
19360
15374
18537
20937
17129
17926
18418
15993
18449
15268
18123
18180
15886
18640
17871
15841
17844
15403
18498
18355
15875
18405
17958
15759
21371
15428
18565
17975
15792
18274
23852
15844
17980
15571
18189
18453
15588
17854
17883
15543
18271
15635
18066
18271
15844
18139
18199
15790
19167
15614
18156
18277
15272
18094
17914
15786
18191
15814
18252
18112
15867
18291
18980
15818
18420
15650
18198
19922
15669
18441
17649
15848
19575
15500
18006
17882
15488
18398
18076
15304
17911
15309
17873
17900
15610
17781
17754
15627
20155
15629
18847
20209
15649
18143
19076
16036
19311
15872
21739
21993
15712
18214
17970
15821
18498
15584
18170
17872
15473
18131
18400
15595
18308
15352
17869
18170
15882
17989
17892
15658
19532
15634
17966
18692
15610
18133
19002
15951
18306
15045
18192
19759
15535
17903
18184
15834
18192
15906
17920
17837
15330
18073
17916
15851
19205
15201
18174
18189
15604
18315
18025
15616
19632
15507
18356
18018
15838
18212
18963
16091
18322
15414
17993
18508
15875
18347
17684
16110
19508
15518
17887
17627
16056
18136
18204
15899
18485
15554
18148
17610
15571
18038
18227
15614
17874
15365
17917
17816
15251
18210
19346
15909
21043
15436
18262
20218
15803
18513
17852
15931
18155
15563
18440
17976
15312
17846
18039
15369
18080
15566
18384
17712
16087
18040
17845
15615
20914
16101
18028
17808
15608
18231
18953
15732
18462
15727
18706
17893
17743
18941
17883
15937
18232
15571
17983
18173
15367
18238
17937
15792
19268
15938
18156
18449
15701
18339
18063
15829
18559
15559
18140
18009
15713
18089
19337
15638
18581
15397
18384
20314
15912
18126
18078
15668
19494
15872
17857
18367
15510
18145
18133
15335
18050
15572
18260
18088
15827
18336
17889
15775
19847
15459
18736
18486
16053
18014
19107
15860
19390
15627
17934
18112
15525
19872
18128
15638
18188
15246
18161
18148
15541
17962
18012
15645
17860
15421
17862
18059
15930
17817
18476
15823
19224
15359
17882
17972
15505
18109
21253
15631
18376
15325
18412
20310
15504
17933
17858
15719
17931
15841
17842
18131
15364
18007
17949
15792
19459
15351
18322
18382
15554
17884
18623
15478
21164
15552
18004
17987
15832
18071
18817
15779
18224
15464
17958
18378
16088
18013
19125
15929
17803
15275
18285
18817
15592
18452
18015
15857
18483
15318
18290
18479
15357
17871
18310
15515
18415
15444
18011
17978
15575
18155
20897
15982
18253
15514
18485
19929
15374
18365
17941
15915
19990
15264
18271
17764
15256
18148
18142
15573
18401
15776
18112
18254
15777
18160
19473
15850
20014
16132
18856
18106
15646
17866
18942
15625
17904
15636
17900
18631
15504
18245
18182
15923
17988
15550
18236
18633
15345
18142
19581
15678
18098
15709
18165
18611
15598
18095
18152
15837
18456
15903
18126
18132
15565
18099
18865
15509
18179
15215
17862
20649
15839
17831
22438
16064
18077
15410
18148
18186
15663
18086
17864
15774
17835
15290
18004
18031
15367
18447
18183
15611
20141
15922
18274
17950
18178
18135
20717
15952
18193
15413
18184
17841
15576
18348
18144
15720
17886
15286
17872
18031
15662
19856
18053
15882
18154
15429
17986
18209
15591
18229
19783
15844
18144
15325
18100
18252
15628
18122
19011
15910
18416
15355
18219
19937
15530
18221
17852
16004
18312
15299
18218
17667
15776
18096
19360
15607
18485
15883
18329
18341
15550
18091
18306
15692
19626
15482
18195
18314
15665
18309
19470
15583
18038
15935
18569
17715
15854
18524
19230
15608
18165
15284
18243
18200
15565
17955
18219
15827
18351
15529
18215
18209
15574
17722
18022
15710
18481
15319
18078
18275
15477
18227
20190
15832
17883
15130
18281
20203
15716
18368
18144
15960
17898
15620
18220
18095
15515
18130
17870
15669
17765
15195
20158
18205
15320
18140
19371
15795
20412
15670
18467
17990
15628
17810
19066
15632
17792
15091
18246
18194
15823
18100
17832
15626
17828
15636
17901
18727
15449
17879
19412
15669
17854
15447
21595
21096
15290
18235
18154
15777
18553
15616
18111
18290
15463
18354
18804
15939
17914
15300
17899
20351
15414
18153
19518
15913
17853
15312
17926
18085
15832
17974
18556
15248
18069
15326
17946
17959
15618
17983
18321
16107
19640
15722
18419
18450
15874
17872
20091
15518
18216
15001
17964
18062
15257
17821
17960
15943
20933
15594
18434
18459
15665
18222
18311
15925
18307
15290
18216
18187
15652
17768
21066
15882
18259
15498
18207
18210
15545
18390
18819
15934
18042
15379
18182
20200
15555
17987
18163
15971
18163
15376
18190
17991
15552
18056
18979
15617
17987
15598
18199
18571
15858
18057
18107
15500
20063
15872
18276
17872
15598
18080
18993
15780
18317
15075
18056
18193
15648
17795
18999
15946
17783
15800
18228
17939
15347
18028
18026
15577
18294
15562
18185
18536
15643
18254
18049
15604
18279
15280
17921
18188
16038
18069
20485
15587
17901
15412
18097
19490
15558
18613
17870
15930
18050
15347
18363
17935
15601
18036
17840
15608
18016
15640
18366
17976
15318
17874
19329
15783
20089
15795
18796
19851
15829
18286
19024
15909
18301
15286
17933
18130
15577
18107
18048
16053
17914
15650
18182
18087
15835
18334
19458
15952
18018
15553
18218
18369
15634
18155
17974
15514
17957
15604
18216
17947
15900
18213
21002
15900
18150
15334
17942
19754
15320
18570
19045
15676
18354
15282
18141
18068
15491
17990
18087
15480
18019
15065
18190
18230
15560
18249
18207
15614
20003
15802
18092
18131
15841
17961
20370
15666
18118
15067
18285
17983
15537
18295
17938
15769
18091
15544
18202
18155
15608
17976
18022
16020
18417
15887
18179
18212
15359
17932
19134
15789
18599
15353
18132
17946
15334
18112
18824
15625
20191
15352
18141
19546
15919
18261
18198
15701
18092
15548
18415
18274
15814
18027
19161
15553
18564
15389
18384
17972
15478
18184
17984
15914
20125
15571
18100
17995
15527
18227
18754
16199
18134
15185
18197
18131
15698
17735
19337
15872
18153
15131
17909
18242
15795
17789
18021
15576
21049
17809
18201
18349
15442
18423
17908
15532
18034
15823
18005
18283
15884
18435
20417
15784
18192
15667
18460
20288
15806
18510
17915
15874
18116
15406
18349
18037
15298
17796
18153
15974
18112
15379
18080
17844
15569
18196
19153
15802
20069
16025
18394
18102
15793
18269
19711
15944
18202
15345
17942
18323
15544
19728
18353
15692
18209
15273
18144
17689
15580
18316
19243
15857
17895
15818
17931
17949
15587
18011
17880
15528
18091
15700
18228
18092
15811
18246
19267
15774
18214
15596
18260
21461
15868
19522
18145
15587
17899
15100
18343
17604
15772
17984
18050
15497
18500
15676
17934
18079
15829
18012
18294
15817
19649
15626
18024
17623
15720
19104
19276
15598
17814
15366
17936
18151
15727
18181
17634
15571
17806
15307
18212
17808
15649
18080
18175
16013
17910
15629
18278
18033
15339
19378
17898
15759
18142
15459
17853
18342
15601
18232
19315
15705
18007
15303
17811
20163
15632
17878
18005
15692
19603
15431
18134
18516
15809
19114
17964
16155
18126
15153
17999
17952
15939
17925
18109
16047
19954
15700
18161
18183
15556
18099
19084
16036
17897
15401
18324
18082
15549
19809
18413
15613
18355
15320
18357
17858
17922
18823
18031
15758
18161
15338
18121
18552
15329
18131
18291
15740
18229
15355
18323
18026
15640
19318
20350
18500
22546
19226
18163
19858
15866
17965
18363
15358
18270
15310
18281
18256
15854
18421
18354
15592
17867
15149
18298
18243
15784
19254
18173
15242
19745
15697
18484
17990
15555
18102
19296
15576
18546
15602
18311
18385
15945
18039
18053
15883
18109
15346
18303
18467
15853
21059
18181
15597
18159
15369
17868
17927
15579
18234
18098
15850
18273
15457
18089
18069
15698
18446
19316
15774
18135
15389
18225
20116
15789
19259
18327
15598
18024
15552
18156
18041
15503
17785
17850
15768
18448
15784
18229
18494
15607
17939
18124
15454
19727
15380
18322
18337
15899
19445
19047
15808
17915
15607
18164
18468
15911
18360
18116
15637
18216
15502
18040
17807
15685
17796
18304
15356
17908
15117
18051
18281
15572
19251
18208
15405
18272
15639
18267
17856
15922
17743
19292
15632
18628
15848
18181
20172
15906
18374
17641
15871
17873
15356
17940
18088
15365
19222
18233
15494
18504
15649
20047
17987
15238
18042
17859
15609
19762
15734
18010
18172
15333
18068
18807
15958
17923
15508
17993
17822
15544
18921
18299
15878
18052
15394
18314
17933
15556
18068
18099
15477
17965
15877
17912
18211
15526
18085
17930
15883
18424
15639
17995
18197
15873
19504
20822
15899
17923
15823
18489
20278
15639
18392
18053
15529
17856
15346
17923
17805
15816
18271
20220
15572
18168
15614
18151
18358
15497
19236
18213
15695
19756
15655
18272
18039
16090
18232
18759
16088
17835
15482
17998
17910
15735
17749
18126
15695
17865
15285
18337
17786
15733
19559
18374
15768
18260
15173
18203
17985
15860
18335
19700
16219
18217
15458
18131
17925
15777
17864
19015
15634
18044
15342
18193
19831
15633
19269
17882
15938
18260
15309
18470
18309
15585
18139
18098
15568
18505
15642
18145
18161
15879
18159
18304
15560
20142
15952
18229
18186
15612
19262
18927
15883
18320
15563
18212
17980
15829
17863
18304
15897
18093
15328
18214
18245
15563
18049
18323
15909
18155
16037
18417
17982
15350
19276
18702
15623
17929
15328
18219
18141
15892
18091
18934
15684
17867
15623
18308
20135
15887
18298
18192
15610
18145
15428
17899
18149
15587
19236
18081
15858
18406
15387
18210
18398
15815
18173
17972
15753
20005
15517
18301
20113
15896
18165
19085
15812
18389
15445
18469
40209
15880
19658
18183
15919
17952
15304
18592
18173
15777
18059
17982
15602
18542
15370
17868
18188
15435
18124
17890
15913
18154
15354
18273
17654
15833
19236
19104
16078
18033
15521
18370
20067
16060
18109
18206
15658
17866
15227
18185
17964
15837
18419
18050
15454
18203
15400
18195
18228
15582
19834
17899
15823
19895
15669
18211
18400
16225
18124
19140
15905
18369
15683
18162
18214
15678
18124
18209
15673
18243
15406
18106
18321
15632
19192
20083
15991
18383
15668
18144
17716
15667
18115
17967
15579
17926
15315
17863
17890
15579
18204
19053
15586
19892
15317
18552
19561
15857
19695
17977
15896
17954
15398
18391
18506
15602
18432
18030
15619
18090
15652
17871
18363
15849
18104
17908
15591
19962
15663
18420
18359
15866
19412
19021
15845
18144
15338
18251
18544
16075
17746
18646
15606
18048
15405
17904
17994
15878
18005
18244
15881
18109
15659
18216
18077
15883
19820
18029
15379
18297
15414
17804
18203
15911
18036
19197
15954
17842
15413
18165
20192
15681
17908
17883
15846
18132
15455
18405
18108
18117
22290
20644
15655
18286
15139
17994
18108
15851
17805
17986
15458
19898
15552
18017
18333
15551
17840
19024
15349
18106
15626
17850
17849
15502
20936
18375
16007
18256
15448
18228
17986
15857
18182
19245
16022
18411
15849
18114
18188
15306
17770
17878
15585
17927
15432
18104
19498
15787
18221
19156
15644
18165
15761
18127
20091
15816
18107
17837
15947
18109
15296
17885
18167
16076
18487
18146
15506
17865
15470
18123
19326
15771
18017
18450
15480
19911
15673
18259
17944
15526
18399
19102
15643
18167
15734
18032
18101
15663
18123
18215
15875
18083
15625
18076
19382
15673
18113
18169
15919
18012
15599
18249
18206
15853
17990
18010
15713
18444
15471
17845
17987
15597
18291
18838
15859
18341
15611
18225
21126
15263
18121
17808
15912
20064
15317
18210
17990
15685
18224
17905
15349
20435
15422
17926
17714
15491
17929
18206
15784
19621
15515
18007
19381
15825
17812
18744
15865
17802
15288
18427
18438
15805
18063
18172
15822
18098
15621
17876
18056
15477
18136
18179
15806
18211
15414
18316
18824
15926
18013
18005
15589
18153
15384
18467
17959
15434
17833
21112
16032
18422
15848
18075
20010
15787
17760
17913
15563
17978
15701
18170
19203
15997
18022
17710
15876
17907
15556
17912
17643
15567
18251
17885
15489
19813
15417
17976
18661
19115
18161
19093
15870
18006
15527
17962
19497
15872
18009
17952
15837
18080
14968
18020
18265
15391
19660
18287
16108
18178
15419
17878
18150
15261
18016
17825
15889
18379
15888
17751
19356
15569
18238
19119
15873
18179
15675
18074
19681
15547
18374
17770
16006
17754
15354
17817
17775
15256
18080
17810
15489
18234
15871
17810
19346
15496
18029
18050
15529
19670
15396
18323
17922
15869
17806
19145
15893
18453
15513
18122
18224
15630
18507
18339
15741
18215
15390
17876
19063
15313
18257
17960
15579
18007
15356
17823
17951
15479
17949
17904
15900
18476
15656
18012
18383
15625
18242
23926
15851
17867
15298
17797
21015
15713
18089
17953
15396
17860
15610
17882
17582
15492
17968
17523
15520
18092
15320
20554
18033
15440
18121
18013
15857
20045
15398
18413
19152
15329
18140
19101
15912
18357
15610
18163
19761
33892
18097
17856
15678
18130
15146
18183
18351
15633
18018
18280
15797
17993
15819
21273
19497
15563
18077
18180
15748
18154
15377
17975
17979
15615
18061
18940
15832
17904
15577
18339
20340
15897
17967
17826
15928
18245
15699
18222
19519
15730
18191
17930
15827
17972
15706
17906
18422
15800
17911
17875
15991
19773
15716
18399
18124
15583
18340
18919
15821
18290
15571
18077
19633
15617
17808
17868
16014
18347
15534
18253
18000
15504
18052
18772
15498
17896
15428
18007
18687
15900
17852
19518
15739
18280
15335
17962
18935
15717
18009
18997
15602
17922
15437
18431
19551
15760
18232
17980
15639
18131
15376
18103
17919
15487
18010
17829
15377
18058
15816
18430
19266
15557
18137
17830
15817
19838
15629
18328
18056
15676
18528
18738
15731
18101
15867
18218
18291
15454
18162
17859
15833
17758
15734
18117
19293
15532
17912
18187
15526
18145
15374
18560
18262
15581
18038
18110
15901
18112
15093
18075
17901
15793
18022
Average throughput: 56290.141907 op/s latency: 17.467500 usec
Done!
