Run the test of 10000 requests
993 blocks in total, max key is 29791
Cache built. 2 layers 32 entries in total.
thread 0 op_count 10000
52994
25286
26253
24710
26444
24852
26156
24916
26456
26213
28271
24564
26533
25058
26109
24736
26266
24793
25991
24567
26060
24421
25843
24689
26619
25360
46256
24760
26178
24603
25974
24089
25965
24592
25566
24775
26109
24491
25656
24729
26175
25950
27694
25049
26091
24741
26220
24753
26097
23787
26303
24705
26079
25011
25360
25102
27366
25070
28237
24575
26208
24447
26495
24842
28162
24833
27089
24806
26978
24762
27055
24626
27082
25970
28607
24693
27295
24747
27389
24287
27448
25170
27175
24741
27898
24668
28862
24799
27260
27487
29092
25010
27359
24970
26901
24116
27017
24908
27243
23858
27273
24504
27157
24934
27124
25153
29078
25353
27177
24635
26822
24562
26953
24860
27246
24509
28397
24981
27134
24454
26881
25374
28955
24988
27606
24439
27152
23974
27376
24751
27114
24758
26972
24325
27023
24674
27151
25593
29218
25109
27379
24803
27193
24763
26941
24102
29130
27760
26724
24776
27169
24596
27369
25651
29167
24858
26836
25091
26435
24864
27072
24850
26741
24961
26661
24888
26705
24951
27045
25520
29101
24881
27333
24327
27640
24667
27674
27913
27568
24921
26832
25177
27000
24750
27325
25550
29394
24186
27746
24920
27465
24481
26431
24863
26789
24731
27016
24786
27169
24678
27118
25381
29395
25289
27181
24421
28654
24993
27366
24632
26739
24967
27291
25023
27383
24924
27496
25150
29145
24956
26986
24845
27297
24715
27473
24447
27289
24738
26728
24945
27325
24567
27373
25138
29455
24972
28395
25441
27351
24725
27152
24298
26626
24758
27103
24904
26545
24752
60238
25690
29193
24887
27059
24749
26436
24891
27059
24058
27271
24305
27336
24520
27416
24268
27468
25786
30267
25027
27241
24905
26746
24612
26391
24735
27160
25202
27258
24842
27330
24557
27518
25529
29007
24485
26709
25117
27268
24658
27536
24856
27213
24957
27195
24238
26975
24783
28459
25604
29092
24856
27172
24726
27469
24769
27363
24723
27153
24868
27152
24910
26767
25060
26737
25847
29141
25243
27237
24868
27265
24761
27579
24710
26596
24742
27315
24941
30346
25166
27471
25879
29142
25382
27161
24142
27238
24635
27049
24622
27390
24667
27211
24753
27366
24740
27185
27931
28889
25109
27056
24847
26508
24636
26770
24451
26958
24953
28557
24706
27136
24886
27236
25552
29113
24828
27239
24759
26790
24715
27226
24896
27053
24807
27359
24917
27429
24651
26765
25570
29327
24923
26667
24824
27430
23987
26996
24373
28074
24686
27179
24770
27170
24722
26959
25320
29131
25217
30097
24704
27132
24214
26986
24612
26756
25063
26837
24867
27119
25044
27300
25244
29353
25179
27253
24843
27421
24993
28798
31427
27349
24801
27476
24800
27152
25214
27250
26227
28923
25597
27206
24837
27424
24356
27370
24728
27232
24552
26549
25207
27320
24354
27102
25445
29422
25654
27334
24798
28310
24342
27024
25219
27244
24863
27541
25035
27057
24613
27140
25137
29432
25174
26993
24762
27347
24683
27147
24720
26911
24840
27202
24772
27175
24855
26976
25721
29020
25474
28775
27611
27704
24585
26858
25016
27053
24659
26971
25190
26621
25291
26944
25141
29254
25181
27181
24415
27207
30214
31497
24798
26355
24700
27197
25182
27290
24709
26975
25364
29794
25212
27554
23888
26541
24660
27119
24810
27049
24591
26778
25036
27142
24799
27022
25599
31928
24862
27297
24814
27464
24821
27262
24231
27126
24738
27234
24760
27131
24765
28471
25474
29070
24983
27024
24397
27401
24736
27496
24567
27015
24774
26274
24650
27116
25124
27274
25340
28746
24564
27521
24418
27465
24282
27494
24743
26944
24228
27502
24876
28420
24752
27112
25430
29084
24654
27210
25159
27115
24828
26743
24684
27118
24587
27113
24886
26484
24711
27186
25503
29286
25119
27394
24324
27461
24895
27118
24662
27052
24786
28070
24778
26988
24697
27156
27548
29097
24895
26780
24488
27080
24580
26985
24698
27182
24650
27301
24729
27040
25187
27084
25658
29289
24865
27209
24951
27233
24978
27192
24723
28582
27339
27407
24814
27812
24684
26711
25735
29129
25096
26803
24343
27026
24684
27049
24998
26791
24520
27331
24577
27175
24701
29939
25429
28358
24399
26914
24737
27105
24377
28283
24653
27482
24583
27095
26158
27433
24687
27038
25714
29303
24812
27087
24329
27123
24618
27509
24519
26748
24738
27137
24919
26803
24546
27090
25035
29054
24794
28962
24885
27201
24781
27372
24416
27076
24587
27413
24307
27341
24969
26665
25276
29470
25018
26978
24105
26965
24815
27186
24842
27389
24550
27227
24698
27152
24581
27192
25467
30918
24459
27125
25020
27051
24673
26845
24627
27270
25031
27077
24849
27216
24966
26791
25449
29489
26052
26999
24433
26388
24317
27141
25074
26747
25186
26532
24189
27032
24611
28447
25685
29079
24856
27141
24828
27365
24692
27440
24470
27275
25197
27279
24313
27035
24636
27058
25643
29133
24176
27278
24792
27358
24338
27043
24755
26941
24174
29915
24436
28387
24791
27396
29040
30362
24850
26712
24945
27197
24769
27155
24001
27333
24521
27228
24840
26782
24486
26849
25710
28633
25113
27159
24899
27331
24715
27210
24725
26989
24724
28726
24421
27330
25021
27119
25454
29090
24455
27209
24234
27042
24339
27258
24663
27234
24747
27346
25073
27544
24731
27013
25605
29268
24747
27106
24837
27311
24553
27282
24640
28454
24960
26344
24840
26899
24354
27774
25591
29164
25114
27210
27167
32329
25076
27131
24416
27193
24977
27257
24735
27209
24781
26930
27774
29207
25406
27042
25046
26673
24952
28365
24006
27583
25304
27238
24718
27551
24452
27271
25537
29042
24714
26776
25081
27303
24693
26705
24718
27823
24703
26517
24719
27040
24415
26930
25196
29318
24722
27109
24808
28660
24342
27702
24519
29459
24695
27100
24459
26886
24772
26826
25500
28982
25027
27062
24884
27042
24803
26447
24505
27358
24967
26968
24614
27195
24824
26883
25822
28961
24953
28447
25033
26993
24662
27390
25198
27233
24754
27174
24791
27195
24681
27019
25586
29133
25040
26895
25151
26830
24979
27198
24764
26833
24932
27230
24719
27245
25024
27156
25705
30703
24863
26388
24785
27332
24352
27180
24384
27150
24680
27179
24879
27095
24660
26409
25471
29342
24374
27357
24777
27388
24259
27402
24580
26712
24655
27041
24875
27163
24055
28474
25161
29716
24839
27321
24781
27191
25017
27493
24733
27020
24641
26405
24354
27178
23898
27085
25617
29131
25404
27409
24735
26734
24783
27546
24344
27352
24755
27119
24960
28587
25201
26866
25781
29620
24805
27197
25035
27923
24737
29462
24571
27104
24860
26913
24799
26813
24499
27110
25508
29011
24979
27270
24044
27071
24744
26969
24266
26942
24703
33779
24765
26942
24987
27190
25539
28814
25140
27211
24806
27018
24200
27075
23958
26917
24772
26884
25180
27090
24314
26949
25490
29372
24848
27338
25111
26691
24680
27103
24673
28032
24650
27364
24591
27204
25709
28339
25518
28988
24794
27128
24667
27144
24703
26377
24961
27455
24659
27277
24872
59011
24731
27304
25513
28714
24315
27862
25223
27097
24803
28304
24820
26746
24752
26999
24874
26649
25213
26875
27855
28718
24683
27130
24688
27469
24365
26993
24434
27329
24853
26996
25122
27145
24322
27012
25277
28969
24416
26913
24758
28592
25160
27172
24732
27500
24248
26734
24466
27016
24849
27453
25564
29009
24921
27126
24767
28867
24909
26778
24762
27320
24912
27463
24383
27140
24622
27307
25774
29249
25238
28301
24939
27019
24281
27046
24857
26613
24690
27502
24686
26245
24789
26625
25918
28951
24981
27037
24913
27286
24665
27996
24759
26718
25075
26995
24700
27167
24840
27350
25514
30234
26123
31253
25269
26708
24192
26565
24339
27206
24314
27016
24989
26784
24684
27294
25806
28972
25025
27226
24852
27396
24630
27152
24754
26710
24649
26947
25245
27217
24729
28128
30359
29082
25481
29808
25338
27376
24411
27154
25118
27227
24442
26989
23959
26981
24953
27054
25810
28981
25153
26967
24910
27337
24931
27205
24694
27252
24288
27175
24727
28255
24966
26873
24792
28811
25072
27372
24904
26704
24700
27277
25120
27100
24951
27138
24829
27914
24817
26999
25700
29101
25320
30246
25173
27265
23670
26985
24313
27019
24691
28118
25040
26749
24736
27292
25701
29237
25231
27403
24527
27674
24763
26743
24993
26840
25031
27095
24804
26501
24193
27059
26153
29142
25380
26906
25184
27117
24629
26563
24888
28491
24890
27147
24716
27177
24829
27228
25612
29360
25209
27176
24725
27312
24386
27194
24982
27417
24848
27054
24844
27260
24764
27595
25629
28332
25271
27133
24467
26823
25377
28275
24929
27170
24979
27252
24735
27301
24655
27073
25526
28891
25124
27235
24773
27079
24870
26685
24626
27000
24317
27454
24073
27126
25046
26786
27882
29053
24876
28448
24965
27042
24813
27234
24747
30475
24594
27899
24768
27194
25061
27113
25177
29030
25355
27032
24720
27082
24366
27219
24662
26454
24772
27166
25385
26894
25085
29449
25638
30285
25130
27062
24845
27334
24741
27246
24811
27193
24974
27145
24066
27098
24748
27266
25541
28574
24810
27397
24057
27679
25221
27137
24819
27243
24714
27099
24914
26742
24675
27990
25612
29104
25062
27113
24898
26876
24721
27017
24429
26930
25008
26702
25249
27315
24847
27474
25711
29204
24939
27136
24903
26655
24801
27110
24989
27496
24624
27018
24830
29061
24812
27366
26126
29084
25259
27052
25248
27181
24857
27125
24776
27179
24910
27112
24085
27303
24610
27176
25485
29024
24944
27321
24825
26888
24800
26625
24751
27419
25010
28419
25013
27044
24694
27032
25512
28500
24807
26343
25045
27509
24749
27180
24713
27021
24709
27089
24477
27486
24479
27192
25695
28742
24990
27217
24753
27041
24604
27212
24770
28451
24999
27358
24552
29260
24757
27081
32456
29410
25390
27280
24669
27009
24666
26972
24015
26872
24864
26948
25068
27877
24604
27118
28941
33366
24995
27163
24690
27045
24875
28620
24393
27119
24386
27206
24740
27530
24068
27327
25539
28998
25198
27138
24723
27164
24706
27438
23812
26487
24669
27068
23957
26866
24450
26993
25814
28730
24715
27064
25295
28400
24108
27251
24797
26992
24751
26538
24643
26596
24767
27446
25871
29122
25108
27131
24665
27057
24745
26917
24630
27326
24569
27494
24728
26765
25243
27119
25605
28980
24809
28666
24713
27048
24813
26950
25049
27044
24564
27056
24698
26967
24590
27206
27825
28972
24881
27009
24787
26974
24822
27512
24363
27283
24669
27180
24965
27117
24716
27005
25492
30014
25034
27101
24727
27191
24703
27416
23857
27223
24779
29363
24629
27211
25043
27329
26123
29243
25118
27434
25133
27399
24813
27486
24647
26989
24792
27084
27817
28055
24950
28593
25461
28913
25036
26846
25183
27132
26471
27029
24598
27054
24900
26944
24842
26980
24596
27463
25599
29094
24939
27142
24773
27027
24825
27222
24784
26718
24619
26919
24845
28224
24365
27084
25742
29068
24834
26821
24773
27408
24509
27361
24976
27099
24640
27039
25001
27447
24923
26604
25450
28922
25368
27102
24726
27194
24454
26774
24807
27280
24780
28382
24068
27019
24886
26687
25750
28894
25093
27124
24439
27002
24671
26729
24866
27315
24907
26627
23965
26956
24297
27010
25341
28199
24925
27086
24978
27082
24885
27282
24653
28562
24866
27074
24691
27083
24971
27040
25120
29308
24610
26863
24540
27035
24346
27154
24633
29986
24226
27158
24686
27373
24676
27325
25436
28871
24949
27021
24367
26974
24013
28370
24987
26954
24990
27122
24751
27077
24236
27319
25839
28982
25159
27125
24045
27261
24646
27022
24814
26896
24556
26698
24030
27271
24572
27265
25735
29291
25049
27045
24713
28114
24878
27365
24664
27127
24855
26587
24601
27337
24787
27359
25642
29173
25119
26957
24801
26355
24815
27190
23903
27278
24802
27032
24101
27259
24760
27598
25571
29173
24981
28401
24722
26327
24629
27371
24652
27267
24601
26738
24802
27172
24859
27072
25420
28704
25357
27044
24686
26966
24569
26773
24675
27218
24814
27164
24788
27049
24789
27071
27744
30504
24975
27263
24671
26970
24932
27056
24723
26798
24710
26997
24698
26618
24677
29493
29715
29282
24701
27119
25269
26193
24974
29790
24625
27454
24687
26897
24751
27263
24685
27540
25481
29276
25425
26781
23945
27362
24990
26986
24648
27384
24730
26699
24546
27220
24732
27183
25588
28945
24959
27028
24785
26952
24974
27291
24667
27326
35317
27115
25208
28237
24706
27422
25800
29036
24956
27212
24698
27018
24856
27131
24893
27252
24781
26716
23894
27197
24992
27299
25393
29034
25067
27127
24772
26919
24585
27269
24180
27081
23993
28435
24670
27025
24222
27291
24791
28943
24796
27185
26419
27574
24343
26864
24605
26786
24496
26685
24674
27039
24700
27157
26195
28873
25063
27209
24789
27025
24488
26899
24668
28412
24276
27131
25347
27109
24654
27268
25756
28937
24656
27118
24691
27075
24720
26731
25049
27113
24742
27033
24687
27330
24669
26995
25367
30259
24862
30162
24895
28369
24561
27268
24845
27382
24981
28059
24392
26331
25007
27295
25450
29092
25353
27215
24439
27861
24760
27212
24444
27053
24679
27206
24630
27189
24686
27189
25267
29268
25011
28575
25036
27229
24980
27015
24865
26604
24667
27031
24568
27086
24644
27270
25482
28957
24794
27317
24743
26709
24967
27141
24767
27088
24467
27398
24555
27068
24719
27334
25216
30212
24490
27020
24742
27496
24727
27334
24736
26964
25160
26732
24642
27057
24749
26708
25467
29135
24462
27165
24398
27423
24523
27261
24812
26397
24535
27207
24639
26966
24269
28176
25222
29248
25297
27125
24129
26708
24628
27034
24602
26470
24554
28303
24914
27020
25005
27240
27966
29232
25183
26655
24725
27071
25017
27284
25013
27441
24609
27091
24709
28420
25009
27066
25474
31435
24563
27436
24750
27071
24683
27044
24548
26809
24402
27442
24817
27533
24702
27116
25451
29115
24801
26922
25120
27439
24702
27076
25197
27061
24918
28569
24074
27112
24039
27420
25751
28691
25119
27219
25066
27020
25029
26989
24876
26793
24742
27012
24368
26778
24770
27115
25644
29207
25238
27587
24796
27087
25251
27112
24496
28788
24944
27198
24068
27118
24762
27237
30272
29359
24856
27259
24375
27256
24826
27345
24749
27335
24715
27238
24931
27026
24866
26937
25478
28940
25075
27037
24682
26823
24772
28448
25262
27211
24603
26656
24438
31713
27738
30800
25536
29079
25162
27026
24462
27112
24682
27025
24862
27520
24808
26944
24433
27046
25112
27114
24881
28842
25543
27735
24124
28867
24815
26359
24590
27332
24968
27409
24786
26254
24700
29716
25786
36177
25150
27208
24856
27212
24967
27460
24763
27213
25171
26537
24686
27147
24747
28033
26776
29111
25136
28342
24954
27296
24736
26920
24802
27334
25146
27288
24918
27397
24644
27376
24995
29109
24875
27392
24874
27199
25093
26667
24809
27366
24936
27408
24843
27673
24669
27501
25655
30613
25014
27230
24805
27180
24739
27064
24650
27039
25091
27412
24780
26427
24624
27150
25386
29125
25153
27697
24860
27266
24665
26686
24886
27124
25097
27057
24698
27023
24662
27595
25370
29045
24900
27302
25000
27465
24906
27476
24704
27304
25183
27269
24702
27541
24432
27306
25256
29078
24477
27058
24439
27285
24967
27150
24692
27473
24420
26725
24677
28344
25038
26716
27584
29161
25072
27179
24685
27489
24675
27752
24749
27269
24457
27217
24881
29172
24855
27461
25850
29006
25366
27458
25148
27265
25166
27252
24022
27300
24886
28573
24047
26961
23981
26949
25697
29039
25394
27429
24554
27281
24639
38923
24758
27427
24739
27481
24720
27308
24793
26965
25651
28737
24980
26967
24840
27278
24744
59616
25042
28598
24421
27100
24901
27515
24674
26407
25209
29136
24799
27319
24400
27467
24122
27128
24804
26498
24729
27248
24800
27418
24672
27240
24776
28704
25028
27082
24701
27140
24809
28219
24367
27522
24593
27062
24353
26999
25176
27086
25693
29270
24806
27343
25076
26989
24868
27154
24752
27117
24967
27068
24794
27235
24290
27129
25397
29075
25584
27878
24530
28309
24939
27090
24945
26920
24829
26793
24709
27107
24326
27457
25311
28593
25124
26890
24745
27525
24359
26380
24623
26235
24758
29098
24786
27165
24629
27141
25560
29111
25408
28678
24693
27032
24496
27110
24681
27362
24471
27058
24958
27305
24728
26448
25605
29450
24177
27162
24715
26824
24674
27098
24801
27080
25230
27466
25119
27500
24664
27053
25629
30178
24555
27140
25176
27128
24794
27270
24104
26876
24614
26778
28080
26891
24741
26539
25495
29370
24833
26721
25153
27226
24757
27121
24730
26759
24992
32617
24674
27234
25189
27996
25407
28992
24766
27169
25068
27148
24708
27330
24731
27617
24753
26974
24985
27018
24838
27031
25692
29446
25129
27148
24768
27278
24731
27427
24731
27048
24560
26996
24659
27897
24705
27445
25445
28999
24901
27223
24809
27129
24737
27108
24783
27040
24821
27476
24773
27092
24439
27446
27019
29023
25433
26784
24429
26984
24553
27056
24756
28561
25138
28435
24663
26487
24753
27222
25293
28733
24897
27071
23984
27089
24927
27105
24127
27279
24616
27301
24799
27357
24483
27265
25510
28716
24228
27109
24665
27450
24882
27377
25014
28249
25078
27088
24475
27169
24330
27037
25512
28881
25179
26816
24388
27408
24734
27057
24631
27318
24301
26695
26080
27318
24695
26968
24819
29094
24780
26809
24714
28482
23980
27059
23959
27537
24250
27346
24729
27405
24180
26985
25357
29033
24913
30556
24605
26642
24649
27305
24810
26702
24620
26639
24698
26701
25026
27308
25097
29199
24602
28350
24788
27091
24723
26764
24547
27080
24621
27289
24786
27457
24723
27248
25040
29019
25325
27211
24832
27445
24750
27429
24683
27155
24728
26886
24864
27208
24627
27031
25385
30373
24795
27166
24826
28795
24385
27255
24641
27107
24738
27096
24733
26695
24241
27218
25453
29028
25067
26495
24704
26702
24195
27476
24060
27020
24584
27352
24251
26981
24732
28402
25399
29183
25011
26320
24738
27386
24258
27087
24763
27172
24910
27178
24770
27114
24731
27124
24982
28905
24925
27497
24753
27053
24476
27131
24964
27214
24716
27107
24665
28317
25128
26860
25864
28129
25103
27526
24729
27144
24700
26938
24691
27023
24927
27094
24855
27256
24898
27201
25044
29084
25157
27163
24749
27260
24838
27764
24365
27363
24249
28318
24700
27026
24928
27431
25250
28965
25017
27182
24714
27134
23972
27199
24748
27235
27179
27760
24765
26666
24674
27342
25690
29359
24662
27454
24726
27107
25101
26793
25119
28486
24757
27333
24732
27143
24806
26847
27969
29027
24813
28999
24325
27114
24073
27245
24693
27510
24552
26748
24687
27132
24969
27060
25703
30742
29070
26798
24681
27375
24612
29367
23914
27088
24652
26365
24769
26666
24527
27411
25720
29111
25028
27175
24808
26532
24743
26970
25297
32512
27967
26632
24046
27160
23969
27013
25636
29016
25067
27082
24797
28382
24186
27081
24695
28044
34065
27100
24568
26869
25078
27197
25614
29368
24800
27147
25164
27117
24778
27079
24804
27446
24827
26307
24556
27286
24708
27031
25244
29064
24881
28520
24415
27602
25128
27494
24741
27202
24698
27080
24720
27098
24546
27278
24966
29204
24808
27474
24543
27277
24668
27104
24590
26956
23969
26906
24833
27446
24593
27552
25450
30431
25525
27285
24734
27444
24598
26322
24750
27014
24807
26266
24450
27945
24687
27458
26121
30992
24419
27192
24879
26631
24793
27423
24523
26323
24712
27158
24358
27269
24410
28259
25790
28993
24905
27547
23922
27371
24789
27250
25211
27449
24840
26977
24691
27135
24983
26350
25661
29020
25325
27339
24920
27896
24378
27047
24616
27133
24957
27402
24237
28282
25118
27554
25314
28789
25098
27401
25030
27109
24965
27048
24793
27012
24744
26693
24839
27375
24576
27215
25720
28715
24906
27186
24602
26796
24673
26888
24458
26994
24611
28227
25064
27147
25036
27415
25386
28923
24494
27539
25200
27361
25211
27085
24934
27099
24797
27001
24939
27214
24325
27028
25460
29259
25248
26935
25692
39430
24341
27169
24224
28344
25001
27491
25213
27143
24862
26675
25856
29058
25005
27016
24848
26781
25129
27070
24850
27146
24614
27051
25005
26864
24645
28741
27738
28451
25073
27554
25055
26628
25029
27689
24682
26938
24778
26984
24741
26781
24758
27233
25688
29159
24983
27118
24730
27224
25240
27256
24709
27083
24803
27224
24907
27210
24720
27605
25556
29061
24936
27279
24910
28418
24654
26528
24576
26329
24775
27085
24923
27166
24865
27058
30535
28794
25152
27229
24380
27140
24666
26852
24657
26465
24586
27179
25010
27043
24902
27137
25524
29020
24942
27878
24694
27407
24690
27018
24714
27077
24885
27099
24915
26709
24641
26515
25033
29225
25131
27215
24051
27337
25129
27334
24761
27254
24910
27335
24877
27175
24702
27315
25486
30334
25150
27224
24361
27137
24821
27031
24447
26350
24720
27380
25018
27172
24774
27126
25777
28931
24116
27082
24974
27345
24582
27069
24676
26717
24728
26250
24818
28671
24670
28023
24782
28785
24901
26774
23997
27331
24967
30311
30672
27134
24278
27482
24363
26992
24938
27323
25713
29150
24368
27822
24743
27266
24073
27371
24691
27112
24912
27242
24855
28586
25050
27058
25572
29149
25245
26534
24974
26791
25219
27254
24400
26902
24776
27146
24787
28764
24694
27194
25512
29124
24867
27131
24706
27408
24891
27176
24735
26994
24059
28203
24729
27037
23774
27043
25185
28997
25104
27212
24730
27079
23909
26985
24864
26860
24952
26998
24691
27080
24722
26822
25428
28901
24852
27157
25127
26654
25282
27295
24713
28521
24596
27226
24852
27054
24875
27018
24714
28776
24883
27305
24693
27135
25482
27282
23973
26582
25230
27235
24846
27177
25014
27087
25435
28875
25049
27461
24857
28241
24954
27051
25009
28608
24597
27250
24691
27509
24280
27471
27991
28709
24801
27181
24882
27055
24583
27040
24724
27053
24851
27530
24324
27272
24738
27143
25894
29427
25030
27871
24800
27041
24759
26988
24910
27026
24929
27022
24458
27060
24738
27130
25833
28737
25377
27050
24953
26995
24685
27264
24771
27102
24295
27003
24846
27106
24371
27155
25088
30237
25191
27190
24713
27108
24710
26544
24706
27597
24371
27117
24777
26976
24290
27334
25513
28925
25058
29522
25113
26749
24445
27148
24734
27361
24701
27102
24786
27201
25095
28507
25559
28743
24662
27298
24838
27373
24453
27477
24634
27419
24595
27277
24928
27013
24720
26279
25769
29274
24754
27416
24241
27094
24624
26578
24688
27103
24955
27404
24772
28451
24728
26799
25439
28549
25064
27130
24823
27107
24224
28759
25065
26304
24926
27116
24829
27093
24576
26711
25466
29288
24787
26718
26720
29582
25007
27049
24918
27137
24674
28243
25196
26790
24744
27143
25149
28407
24920
27413
24608
27073
24698
27072
24863
26709
24567
26683
24735
27309
24608
27362
25652
28310
25327
26783
24841
27076
24734
27156
24797
28389
24905
27281
24820
26980
24649
27259
25241
29064
24894
27191
24989
27104
24825
27215
24380
27356
24835
27426
24717
27099
24832
27135
25465
28752
24786
27385
24727
27444
24654
28216
24344
26988
24656
26723
24836
26948
24884
27525
25778
29236
24779
27430
24739
26745
24524
27178
24645
26701
27750
27979
24638
27341
34728
26971
25545
28951
24999
27094
24321
28361
26897
29380
24653
26550
24728
26991
24999
27104
24701
26689
25383
28745
25194
27479
24432
28082
24276
27032
24692
27023
24572
27082
24368
27251
24784
27397
27332
28634
25188
28176
24683
26980
24263
27141
24685
27127
24499
27009
25058
27486
24318
27112
25733
29117
25154
27395
24356
27488
24657
27108
24653
26796
24911
27346
24711
27157
24752
27112
25636
30058
24518
27430
24668
27116
24598
27072
24827
27457
24663
27204
25307
26861
24682
27368
25752
28602
24875
27101
24687
30794
24740
27826
24182
27159
24686
27347
24751
27191
24759
28203
25517
29109
25439
27459
24962
26478
24595
26934
24353
27049
24951
27025
24823
27497
24764
27245
25430
29337
25010
26722
25113
27016
23860
26491
24482
26721
24739
27291
24864
28069
24774
27478
25178
28583
24377
27035
24740
27351
24729
27035
24134
27011
24657
26626
23982
27117
24603
27154
25607
29856
25098
29010
24989
27438
24658
27080
24278
26824
24696
28304
25022
27507
24836
26989
25335
28553
24799
26949
24881
27153
24831
26867
24485
27019
24679
26755
24925
27207
24947
27137
25428
29058
25181
27061
24706
27495
24219
27091
24757
28405
24430
27219
25373
26929
24625
27002
25280
28963
25004
27271
24666
26885
23969
26965
24681
26671
25143
26705
24593
27030
24808
26923
25525
29185
25049
27204
24648
26608
24040
28462
24695
27130
24668
26786
24747
26564
24604
26666
25362
29080
25033
27514
24620
27268
25017
26873
24721
26573
24720
27057
24764
27116
24830
27471
25653
29037
25347
27574
24985
27885
24667
27095
24673
27145
24847
26841
24747
27367
24344
27039
25540
28959
25008
27301
24368
26946
24653
27000
24646
26639
24614
26994
24904
27103
24903
27074
25442
30797
25272
28274
24045
26683
24947
26876
24547
26694
24646
26949
24863
27310
24624
27232
27461
29261
24807
27197
25107
27147
23936
26400
26188
27508
24325
27395
24704
26989
24909
26247
25378
30124
25131
27435
24964
26448
24574
27277
24935
27131
24733
27634
25572
27233
24766
27238
24909
28574
24759
27490
24351
27796
24258
27336
23929
27011
24745
27158
23910
27274
24809
28629
25261
29045
25434
27048
24975
26928
24797
27096
24326
27011
24628
27685
24604
27200
24567
26404
25060
29352
24684
27628
24434
31615
29449
26989
24654
27130
25196
27186
24589
28203
24667
26778
25468
28696
24839
27192
24761
27143
24440
26878
24323
27082
24861
27060
24844
27066
24670
26305
25834
29015
25116
27071
24877
26639
24711
26600
24991
27150
24651
28333
24388
27177
24921
28959
25777
29149
24676
27626
24467
26724
24724
27261
24734
26767
23891
26983
24681
26301
24609
27357
25711
29191
25136
27439
24417
27182
24760
27248
24515
28202
24970
26951
24813
27539
24572
26951
25630
30357
25000
27325
24600
26167
24638
26949
24508
27309
24709
27303
24610
26720
24692
31054
25657
29113
24877
27051
24839
29010
24957
27292
24593
27204
24596
26868
24735
26300
24698
26932
25203
28779
25201
27204
24690
27055
24294
27005
24587
27131
24712
27470
24678
26830
24439
27282
25730
29120
24493
27725
24742
27432
24064
27070
24718
26738
24783
27472
24410
26911
24799
27610
25974
28703
24424
27349
24836
26908
24668
27496
24733
27438
24750
27335
24921
27454
24669
26713
25118
32700
24822
26755
24759
27131
24622
27430
24721
27137
24603
28672
24738
27175
24952
26382
25622
28709
24823
26727
24435
26747
24846
27292
26277
29601
24963
27120
25120
27083
24551
28334
27897
29269
24744
27137
24405
26827
24228
27024
24749
27110
24793
27041
24662
26578
24651
26953
29568
29334
25077
27193
24753
27036
24763
26831
24738
26687
24766
27308
24962
27808
24645
27419
25533
28665
25068
27246
24743
26970
24634
27293
24048
27055
24939
27094
24377
27272
24715
27072
25578
28951
24841
26648
24413
29707
24524
26576
25117
26978
24688
28322
25069
26721
25284
27246
25376
28612
24976
26838
24756
27410
24637
27063
24655
26617
24343
26992
24590
26969
24435
27016
25288
29228
25118
27545
24775
27491
24510
27060
24313
28146
24771
26413
24986
26954
24817
27040
25510
29174
24397
26993
24420
27111
24330
27035
24959
28788
24738
26806
24660
27114
24484
27087
25386
29020
25181
27154
25052
26944
24257
28148
24774
27118
24806
26386
24537
26766
24703
27068
25337
29385
25044
27297
24983
27079
24667
27177
24816
26919
24978
26952
25034
26756
24648
27143
25609
28722
56863
27217
24702
28141
25218
27150
24509
27253
24443
27311
24770
27533
24045
27067
25488
29031
24867
30683
27546
27368
24665
27100
25035
27676
24384
27389
25008
26946
24787
26780
25500
29306
24212
28782
23945
27457
24716
27138
24627
26969
24450
27010
24654
27187
24717
27160
25379
28900
25206
27188
24832
26916
24868
27009
24333
27097
24739
29296
24814
26940
24341
27467
25709
29483
24514
27053
24844
27002
24744
27071
24835
26600
24605
27104
24694
27101
24535
27212
25218
29371
24832
27517
24762
27060
24684
28331
25014
27352
24740
26710
25068
26350
24439
28200
25515
28585
25480
27240
24705
27089
24826
26881
25024
26309
24015
27062
25047
26969
24957
27030
27624
29038
25026
27101
24775
27188
24769
26930
24384
26721
24537
26574
25123
28219
25053
27394
25559
29386
25174
27231
25251
27212
24685
27098
24748
27411
24623
26885
24808
27236
24705
27186
25532
28979
25113
26668
23990
26968
24315
27179
24925
27534
24283
28313
24691
27051
24728
27423
25687
29314
24733
27295
24726
26654
24663
26904
24696
26714
24671
27065
24269
27231
24727
27267
25726
28551
25029
26668
24957
27096
24828
27248
24771
28725
24721
26913
24006
27111
24826
27432
25378
28727
25059
27118
24450
27028
24426
27162
24789
27084
24473
27068
24473
26699
25236
26888
25128
28487
27011
27165
24798
28898
24875
28223
24741
27096
25056
27114
24925
27177
24667
27129
25646
29112
25029
27171
25054
27069
24966
26941
24961
26964
24655
26914
24672
26790
24691
26776
25503
29207
25084
27383
24760
28659
24678
27198
24659
26970
25149
27145
25161
27269
24646
27297
25493
28975
25225
27063
25234
27287
24693
27019
24346
27435
24951
27085
24831
26611
24496
27150
25427
29001
25081
28284
24988
27098
24860
27200
24750
27524
24522
27180
24717
27118
24649
27345
25830
28730
25368
27091
24840
27034
24262
27163
24701
27013
25066
27353
24887
27058
24974
27058
25548
30149
24752
27361
25082
26993
24376
26667
24998
27098
24869
26877
24834
26963
24323
27207
25694
29332
24280
27313
24786
27024
24831
27188
24626
26796
24750
27061
24510
27642
24745
28299
25173
41580
24235
28714
24363
27050
24687
26811
24828
27087
25244
27096
24359
26763
24791
26337
25100
29122
24736
27172
24796
27480
24595
27146
25775
28234
24380
27222
24708
28085
24655
27113
27678
30924
26578
31124
24274
27423
24452
27484
25233
27093
24778
26630
24653
27027
24856
26803
25681
29245
24803
27271
24701
27039
24816
27053
24856
27051
24897
27868
24966
26983
24764
27364
25887
28991
24995
26728
24591
27054
24668
27201
24736
26974
24869
27253
24757
27095
24606
26915
25495
28950
25024
27140
24685
26941
24687
26968
24597
28497
24617
27156
24844
27251
24108
27090
25391
29187
24319
27107
24775
27078
24769
26921
24548
26416
24769
26924
24692
27289
24670
27259
25372
29342
24787
27334
24688
28633
24961
27157
24396
27154
24577
27103
24716
27055
24853
28315
25646
29161
25358
27309
24900
27384
24598
26409
24763
26925
24625
32269
24757
27265
24881
27032
25654
28280
25555
28563
24835
27135
24057
27278
24698
27489
24276
27038
25037
27066
24725
27111
25409
28260
25017
27281
24672
26736
24786
26987
24722
27454
24571
27193
24397
27408
25385
29276
25611
30380
24801
26713
25190
27066
24674
27071
24630
27173
24911
27344
24648
27382
25175
27057
25772
28607
25041
27067
23804
26980
24870
27139
24697
26976
24572
26695
24657
27262
24851
27684
25433
28940
25135
27272
24784
26823
24750
27015
24469
27186
24865
26978
24894
27060
24914
26736
25670
28559
24882
27170
24823
27162
24701
27101
24709
27046
24904
26559
24813
28495
24787
26716
25411
29086
25234
27180
24618
27094
24975
27133
24759
27224
24778
27547
24767
28432
25029
27017
25660
28837
25189
27153
24809
27042
24496
27215
24592
27202
24677
28062
24197
27243
24919
26988
25144
28690
24888
27027
24913
27123
24826
26842
24756
27127
25024
26696
25208
27112
24684
27042
27891
28636
24763
27372
24586
26353
24645
27098
24734
28085
24499
26381
24820
26918
25037
27193
25465
29125
24839
26993
24821
26780
24824
27332
24452
27056
24649
26345
24344
26639
24223
27107
25569
29001
25401
27463
24689
27005
26586
28685
24775
26310
25251
27200
24741
27150
24699
26917
25137
28717
25036
27018
24953
27359
24953
27423
24839
26996
24808
27334
24712
27322
24187
26962
25477
29377
25217
27460
25190
27604
25032
26310
24733
27011
24701
26775
24890
27440
24972
27340
25527
28805
25094
27517
24718
27029
24537
27257
24733
27101
24679
28715
25176
27179
24878
27069
27559
33095
30755
28518
25162
27260
24561
26766
24684
27112
24689
26939
24532
27053
24637
27249
25483
28637
24296
27126
24836
27011
24875
26649
25234
27056
24708
26691
24348
27094
24676
26964
25551
30014
25245
27302
24124
27279
24736
27240
23840
27006
24645
27051
24789
27457
24793
27117
25409
28998
25084
26945
24860
27384
24505
27264
24370
27061
24544
26968
24522
26171
24442
28519
25559
29260
25162
27342
24785
27284
24754
27801
25247
27286
24608
27014
24870
27145
24685
26616
25507
29113
24732
27623
25038
27132
24715
27254
24600
26924
24640
26725
27797
28721
24273
27183
25709
29060
24564
27147
24618
27183
24554
27029
24746
26991
24625
26571
25113
27138
24339
26715
25432
28811
25192
27146
24839
27162
24598
27170
24779
29167
24920
28720
24348
27298
24731
27144
25423
28822
24892
27240
24842
27569
25266
27004
24979
27127
23898
27116
24160
27232
24747
27070
30551
28994
24852
27465
24780
26227
24746
26997
24708
28075
24681
27074
24965
27432
24481
27063
27258
28806
24965
27129
25190
27203
24252
27035
24725
27084
24054
26786
25063
27017
24874
26937
25639
28367
25076
27104
24652
27102
24549
28397
24775
27382
24894
27384
24797
27184
24641
27052
25744
29312
25222
27190
24698
27132
24681
26260
24984
27208
24833
26954
24912
26736
24538
27250
25358
28657
24709
27104
25296
28396
24722
27332
24810
26179
24959
27089
24874
27120
24669
26629
25640
28656
24846
27644
24495
27121
24532
26688
24741
27157
24765
27355
24603
27166
24566
26974
25592
29102
25027
29141
24688
26903
24676
28919
24608
27463
24690
27110
24664
27313
24460
27199
26028
28655
24918
27219
24789
27093
25089
26870
24752
26589
24725
27019
24824
26951
24790
27548
25844
30185
25085
27192
25033
27115
24735
27187
24735
26676
24451
26729
24509
26738
24391
27122
25687
29132
25028
27090
24382
27265
24851
26991
24761
27186
24858
26964
24340
27225
25227
27489
25496
28840
24756
27251
24728
26792
24486
27132
25451
27104
24414
26381
24856
27141
24960
27105
25785
29473
25141
27218
24736
27217
24724
27125
24793
27219
25184
27117
24756
28647
24572
27166
25660
28948
25010
27182
24752
27211
24633
27090
24768
27489
24722
26706
24883
26694
24779
28469
28998
32757
25220
27178
24962
26788
25155
27415
24570
27455
24545
28367
24853
27103
24925
27338
25449
28932
24478
27384
25073
28894
24929
27308
24346
27250
25046
26954
24797
26259
26283
29974
25572
28988
24195
27603
24529
27363
25637
28775
24909
29809
23769
27207
24814
27313
24968
27261
25354
29000
25128
27160
24627
27116
24848
27402
24661
27088
24670
27126
24797
27138
24931
27437
27770
28985
25020
27146
25303
28385
24707
26933
24402
27537
24791
27024
24723
27086
24750
27031
25271
29196
24597
27408
24686
27343
24898
26244
24481
26594
24948
26988
24745
27160
24769
27012
25420
28846
24821
28423
24287
27101
24638
27029
24816
26993
24312
27245
24659
27474
24458
27303
25638
28960
25065
27167
25011
27020
24413
27341
24515
26641
24620
26966
24270
26782
25717
39763
24565
30531
25086
27148
24384
26365
24663
26676
24496
27459
24643
26517
24690
27846
24709
27052
25526
30051
25000
27494
24841
26908
24700
27237
24358
26372
25177
27175
24686
27036
24860
28572
25769
29036
25120
27045
24762
27357
24601
26712
24856
27139
24473
26716
24362
26974
24234
26991
25968
29163
25107
27257
24700
26358
24640
27036
24570
26959
24714
26935
24794
28314
24957
27066
27675
29029
24795
27368
24667
26677
24995
26655
24758
27343
24794
27332
24663
27318
24965
27117
25628
28889
25026
27054
24926
27070
24754
27047
23898
27350
24679
28003
24398
27423
24741
27476
25596
29107
25306
27469
24014
26895
24754
27465
24675
27241
24615
27143
25260
27096
24707
27135
25247
28384
24713
27431
24891
27086
24748
26389
24358
28018
25059
27075
24982
27056
24801
27017
25131
28980
25009
27222
24723
27128
24689
27088
24098
27311
24797
27221
24761
27460
24695
29092
25693
29215
24970
26777
24850
26474
24525
28435
24742
27017
24770
27106
24828
27366
24717
27404
25558
29225
24893
27159
24808
27020
24859
26912
24896
27393
24788
27198
25116
27249
24371
27252
25125
29039
25252
27127
24433
28476
24805
27065
24814
27032
24314
27191
24461
27170
24452
27394
27309
28370
25160
26437
24741
26296
24807
27343
24718
27382
24772
27145
24802
26597
25122
26980
25549
29194
24752
27714
24452
27042
24749
29454
24700
27300
24730
26280
24440
27215
29133
31155
25451
28400
24743
26853
24701
26721
25199
26726
24742
26720
23999
27328
24777
27287
24727
27400
25824
30459
24685
27745
24345
26977
24129
26659
24730
26965
24425
26996
24885
26996
24362
27132
25820
29072
25162
27402
24479
26766
24809
27113
24562
27344
24074
27559
24857
28842
25025
27742
25631
29050
25089
27357
25216
27402
24731
27718
24420
27300
24390
27563
24764
27034
24715
27091
25425
29165
24879
27258
24783
27137
24872
27625
24709
27491
24821
27129
25205
28525
24825
27121
25698
29161
24040
27113
24026
27014
24857
27171
24714
27123
24466
27366
24756
26597
24840
26985
25484
29088
24950
27247
24785
27466
24814
27099
24859
27569
24660
28174
24830
27165
24842
27197
25021
28860
25118
27231
25198
27111
24273
27141
25247
27303
24684
27204
24517
27089
24905
27474
25279
29205
24147
27351
25164
27275
24923
27328
24629
28255
24757
26627
24724
29634
24800
27303
25569
29032
24846
27135
25077
26704
24920
26949
24361
27085
24736
27529
24575
27235
24403
27119
25552
29095
24866
27343
24789
27276
24581
28326
24951
27926
24339
28465
24392
27171
24809
27306
25763
28958
25051
27224
24530
27183
25049
27393
24946
26750
25250
27159
24200
27120
24826
27041
25476
28727
25176
27097
24812
28604
24796
27382
24729
26972
24069
27048
24818
27184
24709
26736
26066
28693
25097
27555
25031
27151
24406
26985
24871
27089
24166
27104
24794
27371
24718
27317
27710
28933
24448
28586
24730
27363
24474
26757
24706
27315
24359
27344
24593
27111
24678
27103
25959
28260
25119
27281
24420
27409
24167
27031
24488
27314
24268
27469
24382
26974
24965
27348
25311
29747
25086
26772
23791
27468
24281
26585
24760
27385
24459
26433
24359
27201
25062
26865
25660
28686
25425
27259
24744
27384
24515
27065
24789
27069
24716
27012
25000
26776
25160
28566
25062
28982
24793
27117
26628
27443
24904
26939
24761
29292
24697
27202
24694
26909
24959
27024
25482
29099
29198
27168
24162
26745
24843
26895
24310
27299
24777
27386
24827
28550
25128
26920
25859
29043
24862
27418
24410
26958
24745
27383
24910
27066
24786
26367
24831
27286
24458
26699
25386
29042
24881
27454
25194
27152
24779
26562
24630
27078
24448
27682
24676
31443
27833
27418
25581
29180
24710
27331
24816
26972
24853
26663
24361
26893
24310
26452
24897
27171
24943
26892
25253
29520
24225
27224
24386
27526
24758
28353
24138
27492
24292
27398
24869
27237
24694
27076
25559
29050
24983
27234
25142
27606
25179
27137
24733
26944
24740
27094
24121
27254
24736
27131
25757
29108
24780
27449
24698
28453
24576
27534
24290
26747
25055
26889
24903
27051
24979
27075
25669
29204
25118
27368
25079
28999
24824
27035
24644
27168
24802
26795
24439
27128
24848
27464
29705
29287
24724
28590
25044
27025
24375
27416
24544
27124
25458
26972
24647
27141
24778
27056
25635
29001
25494
26871
24694
27095
24625
27176
24688
27521
24593
27126
24823
26625
24728
26968
25524
30629
25272
27170
24689
27092
24330
26718
24925
26831
25895
38935
24246
27076
24679
26786
27450
29257
24269
27329
24228
27218
24741
27019
24931
27056
24711
26945
24971
27115
24853
28464
25575
29092
24943
27321
24760
27386
24577
27144
24755
27110
24689
27177
24788
27082
24805
27021
25440
28822
25148
27302
24783
26963
24897
26569
24749
27053
24021
27261
24845
28627
24639
27052
25667
29227
25142
26943
24293
26680
25185
26988
24664
26462
24711
27397
24838
27083
24313
27006
25518
29363
24754
28826
24922
27260
24714
27000
24845
26772
24531
28206
25099
27287
24777
26241
25502
29114
25367
27404
24887
27272
24749
27681
24656
27110
24276
27116
25063
27578
24746
27198
25828
28259
25111
27195
24384
27293
24803
27186
24747
28122
24738
26384
24718
26703
24647
26314
25422
30875
24860
27684
24736
27480
24936
27097
24391
26559
24305
27222
24768
27145
24619
26504
24888
28709
24951
27102
24985
27669
24618
28428
24777
27348
24682
26227
24692
27025
24884
26954
25561
29134
25148
27076
24456
27055
24359
27110
24377
26910
24313
27234
25128
27441
24913
27305
25800
29074
24694
27503
24712
28262
24354
27141
24364
27127
24767
27138
24933
27711
34653
27154
25614
28960
24470
27279
25136
27065
24361
26746
24826
27432
24735
27437
24924
26457
24988
28025
24897
31028
24589
28851
24316
27428
24426
26723
24624
27041
24665
27128
24895
26605
24626
26990
25619
29055
25283
26602
25365
27259
25012
27442
24617
26710
24980
32304
27879
27242
24990
26927
25763
30157
24948
27748
24799
27092
25207
27278
24281
27415
24882
27338
24844
27409
24920
27157
25689
29599
25061
27402
24818
26790
24797
27230
24683
27250
25264
27079
24940
27434
24904
27943
27482
29180
25013
27052
24570
27229
24381
29234
24720
27073
24387
26974
24673
27408
24667
27363
25633
28713
24514
27135
24750
27148
24679
26815
25075
27025
24980
26862
24782
27364
24018
26896
25751
29135
24907
27273
24709
27402
23819
26867
24343
27167
24631
26898
24853
27502
24682
26351
24997
29012
25172
27473
24849
27231
24762
27121
24757
27194
24497
28199
24720
27372
24110
28444
25776
29215
25276
27446
24818
27332
24986
27166
24727
27055
24779
27484
24831
27140
25220
27130
25038
29095
25375
27076
24855
27076
24774
27057
25573
28230
24945
27079
23988
27212
24664
27073
25436
29242
25264
27305
24525
26398
24616
26782
25114
27230
24792
26998
24603
27121
24513
26801
25761
29327
25170
27252
24819
26823
24712
28517
25236
27131
24715
27316
24713
26684
24018
27125
25512
28949
25165
27027
24983
27222
24731
27304
24823
26691
24909
27408
24464
27226
24614
27458
25524
29167
25347
27129
24826
28191
25016
27452
24023
27343
24974
26721
25161
27421
25736
27590
25807
28966
25128
26753
24590
26735
24767
26440
25073
27442
24671
27130
24700
27208
24718
27274
25466
29092
25159
27986
24845
27361
24324
27080
24556
26760
24797
27518
24375
28470
25050
27147
25232
29035
25210
26991
26580
32032
24749
27484
24915
27116
24902
27384
23981
27207
24782
27387
25643
30427
25009
27344
25183
27227
24788
27423
24722
27130
24758
27189
25126
27385
24681
27415
25725
29062
25352
27503
24829
27306
24725
27205
25223
27180
24374
27149
24283
26706
24697
28205
25709
29276
25494
27081
24826
26747
24710
27145
25091
27024
24435
27080
24887
26707
24343
27107
27663
29040
24482
27064
25174
27564
24888
26711
24671
26974
24423
27198
25063
28603
24824
27119
25454
29360
25361
27058
24793
26703
25141
27033
24979
26871
24605
27291
24982
26994
24248
26950
25107
29032
24681
27280
24799
27060
24378
26982
24843
26569
25034
28334
24793
27174
25021
27040
25525
29441
25103
27208
27228
26617
24408
27025
24122
27898
26405
30608
25643
27538
25096
27037
24997
28983
25187
27436
25018
27033
24694
28378
24942
27420
24326
27067
25053
27267
24616
26804
25704
29388
25026
27195
24705
27373
23839
27117
25149
27227
24670
27080
24459
27023
24362
27376
25628
28965
24882
27124
24848
28299
25060
26774
25071
27077
24661
27233
24852
26754
24437
26459
25702
29070
25427
27262
25232
27185
24372
26980
24819
27089
24824
27463
24356
27303
24740
27497
25491
28695
25685
28670
25120
27113
24822
26829
24247
26725
24497
26993
24513
26812
24938
26838
25724
28879
25170
27134
24381
27080
24725
27214
24758
27341
24747
27252
24967
27113
24659
27222
25162
30604
25135
27354
24530
27132
24319
27282
24609
27306
24727
27145
24626
26989
24329
27398
25588
29318
25366
27202
24420
27196
24591
30184
24925
27127
24971
26762
24307
27464
24593
27639
25155
28401
24621
27387
25116
27144
24667
26952
24975
27424
24616
28883
24761
27301
24703
27266
25707
29122
25461
27284
24698
27088
24624
26829
25180
27178
24698
27500
24682
28566
24770
27433
25589
28975
25178
26796
25000
27148
24310
26591
24985
27159
24748
26285
24772
26732
24738
26994
25749
29309
25203
27403
24542
27131
24396
27445
24798
27352
24644
28554
24842
26697
25032
26820
28151
29013
25430
27412
24700
27486
24368
26717
24703
27448
24756
27128
24437
27010
24499
27021
25725
29233
25028
27492
24728
26638
24323
26983
24769
27743
23965
27554
24342
27003
24883
27013
25784
28936
25021
27228
25262
27143
23959
27206
24829
26765
25186
26663
25020
27117
24682
26333
25783
28954
25083
27081
24813
28246
24658
27906
24678
27453
24731
27556
24653
27132
24599
27175
25240
29538
24363
27799
24802
26954
24793
26471
24993
26778
24767
27047
24685
27123
24858
27134
25588
28626
25291
26779
24643
28447
23933
26944
24595
27039
24550
27124
24810
27078
24825
26453
25450
29166
26272
27400
24397
27004
24871
26858
24608
27226
24486
27039
24725
27084
24211
27424
25548
28927
24950
28303
24806
27044
24578
26952
24683
27187
24720
27346
24844
27343
24692
27150
25240
29072
24960
26738
24016
26757
24161
27261
24617
26753
24970
27238
24882
27303
24634
27468
25699
30351
24652
27853
24412
27261
24593
26485
26971
31008
24731
27041
24913
27291
24791
27129
25511
28627
24970
26825
25087
27401
25093
27199
24691
27062
24442
27184
24725
27169
24664
28221
30710
28922
25056
28858
24698
27150
25215
27158
24298
27446
24885
27441
24842
27736
24989
26784
25559
29253
25260
26839
25060
27147
24828
27061
24296
27166
24852
27273
24825
28342
24758
27486
25043
28635
25150
27128
24814
27083
24982
27054
24775
26607
24711
27121
24411
27034
24423
27029
25428
29727
24785
27145
25160
27188
24693
26720
24711
27297
24723
28270
24802
27039
24454
27199
25732
28997
25126
27101
24756
27159
24709
27331
26721
27345
24402
27128
24876
26685
24782
27409
27822
29355
25132
59214
24661
27274
24612
27329
24394
28169
24759
27501
24767
27163
25242
26774
25853
28626
24397
27383
24810
27401
24763
27026
24726
27037
24974
28145
23926
27222
24593
27323
25807
29002
25155
27079
24769
26892
24855
27927
24842
26408
24681
27098
24983
27409
24230
27111
25435
29836
25076
27307
24743
26970
24688
31862
25122
26811
25115
26510
24772
26736
24698
27235
25119
29360
24871
27084
24755
28184
24123
27555
24756
27130
24178
27056
25141
27176
24883
27449
25265
29326
25267
26850
24449
27082
24714
27116
24413
26519
25010
27169
24803
27463
24618
26503
25429
29271
25166
28848
25178
27013
23986
27251
24967
27088
24409
26487
25069
26924
24775
27142
25604
29119
25206
27209
24783
26984
24533
26822
24746
26685
25043
27439
25256
26651
24818
26874
25519
30348
25341
27527
24510
27156
24796
26300
24941
27199
24524
26933
25088
27065
26496
27424
25223
29323
25185
27268
24896
27024
24715
27608
23883
27174
24751
27518
24850
27081
24789
28497
25486
29154
24937
27339
25145
27048
25082
27111
24732
27204
24540
27245
24542
27233
24967
27999
26200
29036
24979
27224
24631
27022
24654
27076
24819
27188
24748
26843
24754
28283
24696
27200
25565
29307
25242
26858
24912
27369
24063
26733
24761
27176
25024
27346
24080
27106
24534
26805
25767
29182
25052
27270
24550
26819
25086
27222
24736
27202
24644
28439
24883
27221
24702
27199
25502
28627
25260
27047
24848
27180
25883
27551
25096
26997
25176
27028
24766
26719
24976
26752
25404
29101
25453
27160
25003
33109
26126
31266
25082
27144
24560
26958
24573
26795
24759
26854
27785
29320
24450
27522
24369
26569
24587
27013
24554
27239
24620
27143
24701
27127
24756
27166
25549
29117
24818
27383
24629
28484
24498
26705
24710
27111
24099
26980
24767
27020
24495
27045
25551
29086
25053
27238
26428
26864
24862
27220
24847
27012
24599
28505
24807
27303
25026
27388
25670
29049
24826
28003
24518
27202
25043
27104
24884
27147
24795
26872
24915
27075
24857
27356
25872
29243
25126
27099
24622
27140
24802
27108
24739
26885
25078
27056
24288
27123
23954
27008
25550
30075
24823
27115
24752
27317
24579
27188
24071
27249
24874
27493
24675
27168
24757
27161
25553
28254
24887
27572
24648
26555
24675
27110
24879
26651
24609
27355
25002
27358
25065
28542
25645
29129
25048
26625
24978
27091
24726
26655
24595
26666
24284
27402
24405
27170
24999
27001
25848
29201
24871
27246
25147
26776
25208
27301
24717
27437
23848
27911
24825
28068
24500
27137
26067
29032
25144
27256
24805
27124
24645
26915
24749
27021
24878
27190
24808
27137
24797
26956
25192
28701
25134
27215
24799
27272
24742
27194
25040
28130
24637
28088
24453
27028
24919
27194
25203
29242
25242
27016
24818
27079
25254
27353
24773
27334
24744
28469
24348
27060
24958
27475
25259
29057
25511
27310
24028
27195
24825
27458
25022
28102
25159
27426
24562
27182
24778
27199
25452
29449
25118
27406
23992
27317
24974
27350
24823
27223
24770
26593
24404
27235
24298
27226
25433
29162
24929
27012
24452
27088
24752
28597
24801
26960
24742
26228
24781
27178
24659
27125
25318
29952
24885
27324
24887
27129
24380
27127
23936
27074
24750
27116
24949
26994
24900
27344
27456
28813
25039
26999
25052
28082
24724
27545
24833
26996
24660
26711
24897
27259
25160
27288
25649
29002
24853
27292
24691
26841
24635
27326
24993
26950
24767
26699
24828
26977
24352
27180
25637
29048
25110
28567
24771
26831
24667
28451
24720
26981
24036
27212
24017
27080
24833
27052
25581
28912
25139
27074
24813
26733
24007
27232
24939
26742
24413
27077
25014
27120
23914
27614
25903
30323
24641
27100
24773
27278
24216
27092
25014
26698
24602
27468
24605
27177
24653
26815
25674
28875
26480
27226
28241
31409
26201
26818
24312
27444
24583
27022
24684
27270
24945
28235
25256
28736
25090
27079
24652
27550
25210
27348
24970
27374
24858
27050
24881
27938
24355
27325
25475
29202
25483
26855
24463
27464
24583
27145
24354
26617
24810
26823
24278
28545
24870
27316
25295
28975
25669
26951
24170
27314
24790
27162
24687
27363
24665
27296
24979
27296
24405
26951
25345
29367
25171
26845
24454
27023
24827
27133
24718
27137
24841
28205
24482
27001
24350
27371
25741
29139
25227
27451
24892
28267
24916
26890
24361
27155
27468
28169
24245
27351
25065
27509
25640
29130
24904
27253
24865
27055
24698
27095
25497
28345
24101
27222
24801
27236
24796
27440
25765
29156
25223
26423
24876
27094
24569
27459
24152
27115
24810
27014
24354
27257
24379
26939
25451
28891
24536
27377
25127
27397
24954
28005
24501
27107
24834
27177
24809
26980
24866
26422
25687
28951
24785
26859
24390
26925
24770
27107
27236
27478
24991
27092
24387
26886
24639
27071
25428
28426
24756
27763
24556
28535
24703
27502
24296
27123
24243
26716
24864
27205
24940
26895
28668
29320
26018
27073
24843
27133
24532
26944
24683
27190
24682
27052
24875
26917
24624
26877
25611
28654
25080
28237
24678
27811
25137
27263
24761
26960
24374
27858
24772
26663
24849
27253
25690
29244
24686
28910
24684
26967
24695
27483
24836
26975
24874
27217
25057
26960
24740
27014
25225
30279
24826
27359
24574
26944
24435
26785
24792
27107
24882
26985
24916
27108
24339
27262
25138
28762
25365
27236
24757
27141
24727
26844
24844
27465
24707
26555
25103
26389
24339
28109
25774
28317
24982
27064
24837
27013
24813
27231
24817
26791
24966
27122
24821
26826
24644
27351
25438
28965
25093
26337
24392
27141
24782
27103
24826
27083
25421
27065
24820
28557
24337
26620
25505
29097
24834
27334
24460
27280
24615
27330
25058
26588
24618
26697
24400
27257
24624
29363
24651
29218
24770
27316
24822
27049
24562
26328
25028
27191
24799
28387
25025
26903
24841
27049
25643
30626
24956
26719
24688
26907
24703
27501
24604
26465
24739
27173
25283
26751
24452
28253
29986
28936
25152
27177
24854
27309
25177
28819
24621
27108
24593
26813
24719
27337
24921
27423
25499
28879
25133
31219
28711
27137
25054
27100
24757
27006
24877
27353
24852
27291
25083
26958
25591
29060
25340
27381
24784
28419
25014
27217
24713
27114
24748
26839
24679
27094
25219
27186
25456
28933
25215
27524
24460
27015
24610
27041
24600
26719
24466
26978
25223
27285
24825
27172
25573
29274
25223
28348
25640
27306
24747
27077
24676
26754
24369
27108
25063
26312
24062
27042
25565
28935
25156
27300
24414
26868
25037
27235
25037
27380
24851
27525
24773
27161
25186
26728
27316
30494
25108
27025
24698
27163
24874
27074
24695
27023
24894
26271
24744
27146
24962
27402
25622
29225
25034
27112
24958
28874
24653
27064
24710
27380
24704
27169
25052
28166
24438
28434
25619
28980
25050
27133
24775
27092
24764
26831
25058
26634
24628
26950
24990
27054
24797
27013
24989
29248
25198
27277
24679
27303
24324
27393
24871
27095
24845
27532
24887
28633
24979
26742
25697
29025
25273
27076
24856
27314
24456
26923
24967
26988
24238
26720
24705
27284
24635
27008
25400
28988
25078
26256
24884
26994
24427
26646
24992
27159
24745
28139
24766
26869
24828
26985
25388
29154
24876
27261
24443
27110
24678
26941
24761
27065
24421
26698
25040
26380
24816
27089
25749
29153
24890
27369
24863
27350
24838
26278
24636
28334
24632
27367
24816
27448
25150
27029
25135
29194
25380
27434
25072
27069
25041
26535
24545
27059
24330
26899
24769
26942
24330
27104
25508
29249
24767
27403
24140
27074
24549
28336
24828
26703
24704
28314
24655
27231
25041
27365
25444
29068
25177
27145
24880
27007
24824
26864
24026
26999
24702
27043
25963
27042
24825
27179
25780
29218
25375
26794
24592
28440
23948
27176
25384
27005
24942
26949
24786
26856
25215
27189
25461
28575
25510
27474
24999
27157
24985
27258
24458
27072
24443
27008
24414
27176
24855
27419
25690
29061
24891
28392
24796
26837
24423
27067
25092
27243
24729
26386
24717
26805
24475
27001
25737
29002
25123
26349
24072
27301
25121
27092
24410
27140
25098
27132
24845
27217
24722
27500
25309
30708
25202
26918
24904
27143
24710
27149
24798
27142
24592
27748
24802
27073
25042
27180
27619
29343
24906
27852
24788
27282
25051
26771
24643
27085
24641
27010
24986
27047
24780
28125
25893
29117
28388
30660
24851
27334
24868
26983
24790
27942
24580
27404
24769
28004
27009
26717
25530
29227
24746
27365
24766
27450
24724
27032
24482
27010
24619
27163
24742
28218
24813
27333
25689
29136
25303
27124
24513
27016
24538
26909
24156
27079
24722
27346
24773
27144
24829
27097
25543
28648
27003
27995
24506
27138
25230
27172
24189
27091
24805
28509
24708
26776
25133
27055
25618
28992
24951
27029
24986
27158
24700
27005
24810
27189
24656
27253
24758
26763
24495
26985
25147
28950
24643
27017
24517
27332
25084
27123
24964
28467
24322
27415
24843
27191
24768
27180
25544
29056
25420
27495
24830
27027
24787
27289
24473
27501
24731
27162
25066
27239
24785
27380
25123
29043
24573
27198
24987
27295
24726
28397
24676
26920
24686
26741
24114
27116
24836
27142
24868
28809
25184
27529
25145
27122
24799
28446
24843
26885
24833
27483
24858
27108
25171
27113
25514
28976
24749
27209
24738
28593
24987
27344
24814
27129
24366
27201
24941
27034
24743
26348
25167
28948
24956
27105
24769
27332
24396
27381
24678
27528
25107
27237
24652
27366
24778
27016
24869
29157
24420
28246
24813
27024
24537
27524
24330
26762
24853
26376
25105
27037
24653
27061
25142
29020
24916
27286
24899
26960
24483
26686
24383
28825
25200
27148
25034
27156
24773
26980
25595
29781
25142
27405
24383
27343
24717
27121
24827
26875
25022
27074
24366
27168
25057
26995
25602
28995
25089
27050
24861
27068
24538
26631
24796
27115
24750
26915
24975
27444
24615
28548
27608
28678
25211
27402
25202
27279
24723
27030
24803
27502
23972
27351
24786
27309
24726
27093
25717
29209
24970
27223
24647
28475
24404
27122
24916
27110
24771
26793
24747
28337
24769
27343
25411
29217
25207
26938
24377
27045
24935
27591
24758
27511
24375
26975
25016
27182
25063
27316
25524
28539
25094
27244
24827
27041
24336
27186
24892
27133
24458
28529
25755
27375
24981
26793
25781
28697
25310
27396
24852
27361
24715
27214
24931
27110
24943
27050
24816
27310
24726
26695
25727
29026
25036
27239
24829
27314
24580
28695
24698
26495
25189
27243
24760
27337
24754
27019
25768
28569
24434
26869
24639
27278
24999
27266
25048
27526
24092
26885
24911
27009
24461
26898
32146
33175
25172
26872
25138
28314
24990
27068
24729
27583
24795
27404
24995
27434
25099
27277
25676
28648
24554
27367
24437
26883
24945
27456
24996
27412
24673
26732
24873
26778
24729
26496
25312
30228
25030
28721
24617
27090
24825
26813
24664
27233
24514
26342
24655
26977
25030
26449
25506
28916
24104
27673
24491
26792
24560
27528
25004
26900
25047
26983
24743
27055
24988
27040
25411
30366
25114
27270
24469
27101
24965
27063
24888
27398
25282
26810
24579
27110
24035
27225
25854
29063
25349
27295
24950
26340
24841
26764
24753
27274
24994
27067
25033
27227
24464
28917
25515
29525
24821
27368
24547
27243
24385
27091
24903
27255
24810
27034
24752
27119
24737
27053
25609
29106
25082
26673
25116
27173
24726
27488
24644
27185
24655
26455
24781
28227
24624
27207
25557
28677
25394
26744
24658
27264
25391
27310
24633
27269
24727
27347
25020
26939
24830
27063
27741
28988
24779
27524
24708
27046
25545
27245
25089
26996
24631
28375
24856
27752
24628
28333
25747
29343
25170
27097
24838
27137
24664
26579
24306
27002
24700
27063
24331
27067
24602
27042
25459
29123
24953
27346
24745
27010
25040
27242
24311
28192
24393
26981
24929
26619
24745
26982
25243
28959
25129
27314
24798
27586
25130
27138
24704
27275
24835
27455
24664
27349
24724
27186
25704
29202
25441
27198
24773
27164
24719
28699
24771
26807
24683
27301
25051
27106
24660
27455
25769
29083
25019
27235
24782
27067
24696
26926
24835
27459
24578
26921
24821
26968
25009
27092
25320
28629
25099
27469
24637
28566
24506
27152
24658
27077
24776
27552
24605
26922
24840
27016
25003
29021
25110
27998
24048
27279
24959
27251
25299
27727
24919
26802
24290
26886
24707
27213
30674
29076
24919
28496
24496
26731
25012
27095
24567
27068
24876
27225
24778
28134
25052
26728
25880
35014
25383
27016
25044
26687
24415
26337
24739
26724
24742
27072
24948
29246
24690
27002
25662
30230
24989
27114
24810
27613
25070
26754
24591
26588
24778
27242
24794
27275
24842
27204
25514
29077
24869
26834
24728
27611
24665
27362
24782
26961
24632
26946
24311
26747
24366
28336
25265
29001
24495
27115
24677
27022
24832
27046
24765
26567
24607
26977
24937
27032
25976
32704
28752
29039
25370
26478
24889
27194
24439
27126
25257
26902
24747
27104
24276
28479
24352
26822
25223
28960
25083
27278
24730
26634
24863
27076
24663
27069
24997
27091
24850
27133
24659
26711
26073
28786
25200
27408
25024
27199
24997
27485
24467
27336
25088
28390
24837
26441
23901
26675
27526
29209
24787
27185
24765
27084
24101
27001
24523
27318
24852
28586
24375
27088
24661
26914
25243
29090
24871
27320
24502
27225
24676
27102
24625
28725
24700
27689
34813
27156
24872
27025
25433
29170
25067
27215
24679
26326
24777
26791
24583
26863
24838
27069
24521
27245
24929
27168
25561
28904
25114
29642
24644
27049
24751
28166
25023
27420
24999
27303
24727
26620
24586
27120
25535
28623
24886
27138
24837
27211
24695
27074
24742
26907
24821
26627
25171
26536
24767
26352
25600
28307
25096
26988
24915
28331
24848
27170
24302
27119
24276
27687
24747
26923
24673
27025
25259
29155
25187
27302
24752
27130
24929
26505
24496
26997
24951
27225
24893
27373
24352
27369
25210
28963
25166
28069
24729
27299
24939
26364
24683
26960
24734
27005
24857
26943
24822
27059
24823
29070
24764
27168
25021
26792
25147
26677
24642
28462
24729
27294
24691
27368
24562
26702
25628
30500
25066
27229
24773
27071
24713
27019
24928
27148
24630
26606
24398
27132
24451
26786
25441
29095
24810
27379
24767
27043
24786
26740
24677
27472
24883
27285
25030
27437
24762
28277
25318
28915
25212
27471
25250
27108
24699
26925
25013
27513
24582
27093
24727
27138
25002
27317
25390
29043
25113
27043
24811
27146
24242
27310
24924
27127
26293
27062
24881
28016
25100
26813
25346
28896
25127
27127
24818
27365
24846
27457
23989
26792
25005
26832
24875
27061
24947
27134
25539
29075
25120
26309
24851
26927
26073
27617
24358
28471
24717
27158
24905
27009
24786
27047
25691
29448
25214
26911
25014
27462
25158
27467
25142
27122
24782
27028
24732
27137
24419
27381
27952
28967
24864
27154
24847
28598
24574
27773
24616
27034
24570
27120
24834
27475
24552
27211
25462
28963
24896
27118
24737
27019
23998
27246
24806
26903
24959
27101
24955
26258
24625
27256
25587
29195
25078
27137
24719
28230
24284
27064
24882
26901
24317
26695
24885
26625
26015
30726
25616
28747
24610
27175
24758
27298
24821
27286
24636
26705
24949
26994
24726
27077
24968
27180
25388
28716
24811
28300
24767
27410
24745
27124
24429
26787
24743
26689
24684
27160
24650
26970
25326
29312
24774
27272
24803
26679
24362
27103
24997
27036
24879
27096
24330
27021
23897
27104
25643
33151
25475
26832
24595
26996
24208
26725
24879
26971
24678
27405
24492
27092
24269
27664
25276
28268
24835
27047
25094
27251
24693
26846
24801
27154
25028
27399
24761
27016
24332
28745
25592
29163
25188
28780
24801
27172
25027
27262
24669
27372
24847
27033
24755
27008
24672
27153
25224
29240
25049
27981
24760
27575
24395
26998
24155
26784
24864
26319
24834
28339
25044
27194
25571
29116
24913
27217
24888
27146
24791
27418
24716
27341
24635
27239
24864
27442
24755
27457
25632
28690
24378
27164
24988
27584
24816
27452
24410
27206
24917
28402
24842
27089
24794
27125
25485
29022
25066
27352
24676
27303
25062
27046
24980
27198
24915
27455
24999
27155
24710
26896
25607
28319
25251
27564
24847
27376
24836
27034
25283
28579
24946
27113
24734
27339
24675
27836
25217
29172
25164
27238
25010
27125
24061
27128
24684
27562
25192
26800
24620
27001
24704
27144
25758
29237
25112
27039
25013
26903
25031
30942
24478
27205
24908
26364
24008
27292
24859
27087
28075
30774
25285
27247
29990
27186
24590
27377
24674
27109
24745
27216
25188
26846
24776
27204
25556
28929
24614
27396
24792
30425
24828
27057
24847
26677
24838
27256
24320
27438
24769
27080
25554
29042
24225
27112
24277
26670
24928
27079
24847
26549
24766
27120
24812
26689
24575
26977
25674
29076
24887
28738
24636
27500
23894
27485
24672
27338
24643
27232
24926
27074
24831
26963
25449
28966
25355
27153
24669
26691
24879
27148
25018
27085
24898
26717
24677
27143
24726
27451
25502
30060
24985
27510
24857
26976
24327
26947
25238
27198
24079
26575
24708
27090
24334
27039
25039
28972
24842
26820
24416
27122
24644
27057
24913
26806
24564
27167
23929
27029
24339
27781
25417
29435
25213
27194
24748
27343
24729
26938
24878
26814
24692
27519
24555
27274
24824
28712
25382
29170
25461
27182
24137
27047
24914
26565
24745
26784
24723
27301
30715
32183
38165
27149
26038
29337
24405
27064
24722
27007
24671
26399
24707
27247
25101
27276
25070
27396
24671
27069
25352
29049
25051
27395
24756
26535
24607
27229
24732
27176
24635
28324
24809
26722
24763
27298
25716
28827
25209
26761
25188
27346
24772
Average throughput: 37603.032309 op/s latency: 26.276400 usec
Done!
