Run the test of 10000 requests
993 blocks in total, max key is 29791
Cache built. 3 layers 993 entries in total.
thread 0 op_count 10000
47439
21673
19295
20747
20690
19562
21020
19330
21311
20449
19475
20609
20733
19260
20976
21192
19210
20703
18963
20508
22301
19151
20550
22474
19493
20870
20434
18806
20981
19054
20808
20606
19504
20854
20413
19628
20662
20799
18650
21297
20891
19412
25062
19200
22799
20897
19661
21166
20801
18777
22965
19345
22878
22166
19027
23476
22266
19069
22040
19172
22022
21793
19496
22327
21891
19673
21879
19170
23551
22010
19641
22194
21861
19381
21912
18771
22712
22207
19304
22260
22168
19592
21856
19201
22569
22004
19647
22556
21890
19425
22092
19178
23625
22749
19048
21863
22646
19542
22067
18483
22375
21513
19512
22001
21839
19289
21943
19405
21924
21446
19004
22259
21642
19942
22287
19531
23695
22041
19743
22198
21996
19887
22220
19408
22766
21768
19436
21659
22029
19613
22351
19351
21642
21121
19410
22410
21841
19448
21758
19200
23111
22352
19333
25653
22539
18944
22045
19274
21332
22148
19296
26675
22665
19489
22126
19417
21681
21895
19044
21998
22734
19293
22073
19096
23022
22220
18945
21944
22097
21385
23068
19655
22183
21407
19570
22041
21388
19829
21681
19126
21999
21904
19186
22775
22220
19555
22015
18284
23402
21841
19604
21690
21729
19292
21870
19067
21928
21967
19581
21869
22209
19563
21744
19183
21778
21628
19323
22254
21925
19393
21580
19089
23329
22192
19644
22885
22211
18661
21746
19224
22173
21817
19773
22132
22080
19230
22029
19328
21784
22453
19315
21785
21958
19259
21751
19119
22881
22338
19537
22509
21961
18703
21634
19485
25982
21819
18588
25104
22232
19905
22054
19395
21714
21898
18876
22136
22029
19098
21950
18788
23598
21585
19635
21437
21805
19665
21946
22956
22797
24212
18656
21808
21034
19214
22307
19334
22294
22414
19339
22840
22332
19942
22110
18568
23082
22311
19295
22007
22005
19222
21957
19170
22081
21912
19271
21829
21776
19531
22213
18781
21780
22015
19463
22205
22414
19274
22172
19066
23508
21939
18970
22904
22144
19625
21992
19925
22421
21793
19461
22308
22161
19588
21907
19174
22013
22140
19101
22000
22261
19384
22029
19107
23218
21240
19881
22413
22327
19386
21991
19407
22015
21886
19707
22965
26701
19753
21732
19618
22006
22001
18965
22276
21884
18920
21744
20571
24201
22183
19969
21568
22199
19913
22114
19046
22168
21778
19331
22010
22094
19411
22299
19201
21821
22103
19317
22807
21561
19673
22129
19142
22577
22154
19564
21300
22113
19180
21409
19110
21889
21642
19309
22009
21666
19222
21907
19396
22044
21627
19450
21284
22096
19721
21544
19081
23064
21949
19602
22749
22498
18926
22070
19403
22463
22132
19438
22137
22224
19386
22101
19296
21906
21846
19456
21975
21831
19595
21649
19264
23296
21878
19340
21637
21999
19345
22069
18879
21360
22304
19606
22389
22026
19433
22092
19622
22163
25493
19492
22018
22104
19631
22004
19283
23425
22032
19306
22034
21730
18618
21912
19657
21731
22350
19445
28086
21996
19560
21646
19296
21626
22262
19453
22911
22358
19849
22073
19446
23610
21953
19242
22321
21695
19440
21732
19298
22238
21903
18588
22076
21541
19244
21664
19935
22281
21664
19899
21997
21878
19716
21155
19476
23630
21805
19456
23158
21884
19532
21760
19652
22701
21249
18553
21887
22326
19664
21921
21471
21661
21896
19547
21819
21573
19467
21901
19239
23431
21892
19885
22041
22208
18911
21989
19225
22134
22133
19299
22798
22514
19499
21525
19565
22198
24973
19692
22229
21941
19745
25417
18929
22770
22202
19564
22198
21963
19376
22141
18816
21763
21443
19628
21723
22202
19327
22364
18859
22533
22045
19555
22818
22328
19632
22298
19320
23894
22228
19175
22014
21646
19123
22070
19412
22104
22215
18898
21605
22030
19759
22441
19076
22212
21662
19643
22038
22088
19496
21684
19415
23202
22266
19554
22841
21987
19050
22274
19646
21623
22117
19613
22352
22092
19374
22026
19167
21993
22208
19612
22183
21828
19743
22088
19194
23431
22053
19567
22300
21893
19376
22057
18687
22111
21708
19589
22798
21766
19675
22074
19678
21506
21750
19111
22419
22389
19588
21394
19245
23152
21868
19670
26100
22172
19417
21965
19336
22062
21781
19240
21427
22165
19554
21725
19418
24024
22509
19162
22895
22115
19458
24147
19239
22317
21898
19433
22295
22175
19195
21693
19092
21837
21998
19243
21649
22066
19052
22067
19422
22442
22125
22000
22359
22376
19277
23245
19187
22185
21935
19663
22820
22252
19721
22351
22476
26173
24168
19217
22123
22353
19648
22101
19255
22244
22017
19324
22343
22381
19644
24076
19352
21845
21756
19389
22127
21962
19607
22144
19632
22438
22119
19983
23168
21900
19553
21988
19370
21900
21928
18638
21700
22344
19645
23169
19143
21800
21153
19405
21880
21833
19667
26104
19163
22361
21774
19660
21841
22425
19418
21858
19206
21888
22269
19339
25012
22279
19608
23492
18773
22400
21908
19700
21801
21954
19453
22123
18725
22100
21579
19538
22413
22404
19430
22385
19007
21680
21864
19587
22458
21908
18644
23548
19111
22279
21713
19263
22583
22013
19533
21720
19115
22243
22547
19578
22151
22213
19616
21683
19208
22056
21816
19665
22030
22007
19649
23263
18945
22192
21441
19743
21979
23227
19570
22020
19716
22198
22104
19658
22830
22388
19647
22036
19521
22294
21770
19372
22062
21911
20203
23419
19547
21168
22189
19110
21857
21806
20237
21701
18912
22438
21964
19999
26063
22234
19337
21956
19328
22036
21701
19337
22496
22101
19459
23540
19708
21714
22032
18919
22479
22157
19182
22359
19175
22163
22079
19461
21931
21792
19499
22191
18861
21932
21878
19925
21870
21130
19356
23386
19522
21368
21848
19657
22838
22309
19465
22140
18905
22125
22033
19718
22165
22173
19382
21969
19320
22015
21639
19063
22061
22019
18947
23142
19275
22185
22025
19549
21965
21799
19727
22188
19163
21972
21395
19606
22817
21970
19467
21833
19720
22254
22138
19422
22302
22037
19486
23603
19491
22125
22002
19572
21872
22149
18966
22178
19310
21904
22493
19345
22042
21975
19418
21955
19455
25872
21776
19318
22642
22298
19398
23455
19418
21709
21881
19831
21402
22178
19213
22335
18810
22038
22239
19403
22106
21028
19561
21869
18698
22083
22185
19428
22004
21950
19655
23071
19174
22062
21888
19507
22183
22284
19196
22352
19428
22120
22203
19479
22365
21748
19580
22243
19467
21393
21449
19438
21049
22065
19593
23094
19421
21975
22073
19288
22159
22333
19407
22064
19204
22227
21799
18676
22566
21744
19810
22227
19642
22506
21996
19500
22049
21889
22554
23222
19234
22061
21807
19032
21555
21821
19575
21580
19770
22268
21342
19566
22179
22180
19438
22145
19094
22028
21962
19614
22879
26128
19612
23088
19359
22168
21873
19331
21750
22447
18692
22004
19481
22161
21951
19684
21754
22419
19421
21932
19342
21815
22070
19009
21979
21960
19335
22496
19212
22018
21784
19872
22242
22103
19452
21970
18956
22108
21681
19617
22148
21700
19552
22005
19188
21967
21773
19918
21779
21866
19604
25217
18706
22281
22003
19952
22105
21960
19648
21629
19161
22111
22480
19023
22821
21813
19665
21545
19214
22061
21933
19388
21893
22039
19136
23139
19166
22165
21970
19671
21445
22177
19429
22041
18407
22112
22910
21986
22031
22318
19310
22169
18393
21920
21580
19887
22661
21971
19651
23219
18843
22143
25559
19113
22058
21628
19586
21842
19231
21962
21373
19484
21922
21678
19356
21588
19270
22050
22313
19934
22064
21971
19614
23178
19281
22099
21991
19086
22722
21757
19266
22113
19219
22560
22051
19578
22063
22170
19591
21572
19536
22041
21679
19525
21910
21986
19721
23368
18578
21945
22085
18901
21549
21114
19509
22513
18757
22007
21846
19015
22877
22693
19368
21916
19251
22158
21784
19573
22256
22522
19275
23072
19708
21992
22020
19552
21671
21348
19336
21943
19434
21985
21767
19680
21602
22433
19672
22031
19061
22015
26279
19650
22750
22171
19555
23712
19510
21888
22156
19645
22056
22014
19695
26296
19097
22141
21899
19452
22122
21519
18874
21715
19147
22032
22238
19373
22162
22338
19408
22732
19135
22209
21990
19480
24742
22018
19681
22185
19190
22195
21990
19408
21565
21714
19294
21741
19235
24683
22499
19333
21965
22113
19527
22774
19463
22154
21906
19667
21966
21671
19463
21637
19498
22335
22095
18898
22840
22058
19297
22392
19425
21820
22074
19676
21618
21787
19650
23743
19245
22169
21575
19633
22283
21887
19404
22199
19150
22232
21446
19252
21735
22161
19838
21944
19390
21918
22218
19477
22811
22415
19302
22526
19171
22240
21427
19215
23140
22151
19361
22069
19168
21979
25328
19389
21851
21650
19279
21749
19379
21707
22018
19638
21913
23219
19312
21842
18923
22098
21153
19434
23083
22255
19872
21906
19614
21986
22089
19352
22194
22382
20471
22179
19050
22263
22052
19916
22187
23011
19104
21773
19529
21948
21403
19612
21741
21748
19398
21267
19436
22121
21729
18764
23150
22198
19502
21962
19115
21787
21956
19367
22285
23254
19668
21993
19741
22078
21007
19392
21833
22044
19510
21212
19399
22154
21213
19735
21975
22269
19308
21941
19490
22202
21781
18998
23047
22629
19315
22375
19224
22102
21971
19014
21901
21924
19315
21544
19248
21677
21996
19364
21915
21522
19903
25637
19444
22149
21660
19017
22025
23281
19573
22132
19488
22120
22334
19380
23029
22256
19528
22017
19822
22281
21846
20082
23274
21849
19542
22116
19195
22215
21212
19743
21626
23082
19891
21479
19143
22152
21912
19344
22124
21656
19100
21793
19369
21846
21756
19732
23249
21966
19632
21607
19388
21897
21907
19664
22195
23462
19414
21419
19145
22340
21668
19600
21773
22333
19624
21430
19429
21982
22130
19663
22058
22939
19512
22276
19718
21829
21859
18746
22846
23397
18973
21763
19395
22284
21861
19632
21725
21951
18811
21599
19145
21757
21749
19890
21596
21792
19231
21890
19137
22150
22115
19510
25943
23602
19059
22112
19049
21800
21880
19640
22412
22014
19885
21903
19022
22127
21936
19608
22543
24574
18659
21822
19193
21946
21308
19698
21541
23326
19308
21576
19171
22114
21808
19537
21535
22004
19504
21835
19491
21572
22437
18571
22815
22370
19339
22326
19685
21977
22203
19840
21971
23420
19617
22048
19417
22060
22139
19067
21614
21751
19562
21906
19306
21960
21873
19336
22389
22051
19022
22130
19161
22015
21956
19418
22472
23983
19777
22092
19514
22123
22194
19603
21953
22269
18979
21731
19142
22797
22170
19443
21694
21719
20028
21522
19101
21969
21655
19901
21731
23699
18821
21463
19410
23634
21895
19237
22643
22326
19951
22728
19463
22098
22216
19773
21962
21977
19340
22391
19592
21966
22318
19515
21988
23340
19612
21672
18840
21770
21784
19386
22226
21939
19546
22029
19384
21607
21993
19400
22365
22262
19825
21946
19463
22063
21908
19059
22034
23161
20142
21582
19260
21909
21937
19762
21162
21977
19140
21843
19237
22033
21321
19557
22054
21826
19396
22327
19320
22037
21755
20105
22705
22988
19487
22042
19623
22381
21967
18831
21787
21686
19398
21721
18905
21961
21372
19217
21984
21822
19540
21860
19453
22198
21368
19448
21991
22584
19674
21891
19175
21824
21530
19411
22182
24377
19360
21250
19346
22242
21816
19627
21991
22185
19891
21939
19584
22152
21932
19731
21968
23175
19013
22073
18781
21620
21551
19442
21523
21983
19616
21971
19113
22179
22278
19313
24616
22580
19455
21969
19203
22049
21439
19411
21409
22669
19626
21976
19229
22263
21435
19293
21605
21614
19304
21802
19155
22020
21502
19472
21958
21974
19374
21615
19053
21564
21207
19326
22549
23238
19362
21750
19218
21965
21810
19830
22011
22083
19330
22129
19439
21724
21848
19518
21816
21992
19726
21807
20007
21826
21884
18724
22242
23396
18699
21819
19222
23385
21531
19535
22307
22002
19703
21915
19309
22010
23937
18874
22381
22033
19381
21899
19100
21427
21755
19422
22008
23036
19454
22130
19252
22119
21714
19433
22042
21554
19316
21898
19370
21957
22280
19795
22722
21990
19324
22004
19638
21811
22076
19638
37917
23129
19326
21515
19146
22094
22091
18862
21916
21891
18847
21804
19218
22489
21953
19031
21591
21987
19538
22464
19416
21671
22011
19408
22855
22342
19508
21686
19898
21593
20929
19267
22047
22081
19374
22181
19012
21633
21389
20294
21504
21665
19295
22193
19148
22001
22040
19528
22232
23251
19457
21682
19317
22193
22334
19261
22536
22135
19364
22173
18810
22077
21680
19304
21685
22047
19290
24395
19138
21570
21033
19569
21680
23258
19222
21772
19558
22214
21892
19797
21969
22102
18527
22111
19068
22621
22222
18971
22587
22110
18815
21534
19982
22371
21884
19556
21539
23037
19742
21752
19384
21763
21991
19432
21878
22112
19728
21568
19321
21856
21794
19491
22040
22027
24891
26985
18944
22028
21721
19430
22271
23446
19546
22037
19037
22332
26958
19728
22020
21548
19602
22309
19604
22065
22179
19595
21625
21497
19617
22937
19698
22320
24128
19590
24291
21876
19714
22123
19242
22092
21558
18704
22901
21963
19642
22225
19305
22538
21367
20199
21967
22198
18989
22035
19305
21547
24060
19211
23328
22022
19576
22044
19258
21984
21859
19634
22159
39984
19655
21646
19082
21916
21735
19640
22691
22279
19642
21942
19437
21948
21740
19259
22959
21795
19341
22079
18829
22244
21248
19601
22019
22012
19336
21878
19069
21681
21710
19555
21944
21894
19746
21653
19453
21499
21686
19895
28787
21933
19391
22554
19129
22152
21585
19358
22118
22078
19438
21622
19219
22152
21698
19427
21590
21551
19347
22208
19515
21713
21049
18939
23804
22253
19876
21330
19076
21634
22063
19273
22736
22237
20053
22339
19455
22063
21935
19317
22001
22089
19775
21875
19115
21964
22052
19634
23402
22052
19599
24368
18725
22303
22003
19627
21955
22322
19327
21684
18795
21953
21717
19593
22979
21954
19293
22292
18958
21648
21942
19676
23465
21616
19569
21795
19220
21894
21045
19305
21356
21902
19658
21580
19642
21697
21846
19316
22216
21721
19414
21470
19321
22019
21646
19287
24439
22207
19388
22135
19189
22017
21713
19517
21976
22053
19669
22229
19200
22512
20999
19521
22132
22682
19443
21952
19467
21699
22309
19483
23189
22090
19723
22240
19295
22694
22657
19515
23142
22221
19613
21916
19634
22357
21721
19186
22123
21942
19876
21941
19444
21705
21422
19523
23155
22181
19308
22220
19974
21679
21854
19440
24073
22052
19539
21818
19388
22094
21735
19594
22748
22182
18885
22026
19414
22084
21394
19712
23205
21658
19784
22152
19279
21929
22232
18754
22126
22204
19531
21940
19130
21684
21706
19635
22268
21886
19681
21969
19440
21317
22117
19729
25908
21613
19316
22033
19385
22025
21850
20039
22331
22012
18942
21970
19223
22825
21792
19283
22004
21979
19130
22050
19437
22061
22125
19685
23295
21341
19957
22304
19400
22232
22221
19455
22706
22154
19542
22040
19351
21874
21944
19642
21686
22299
19809
22011
19262
21968
21833
18890
22779
22475
19251
21953
19495
22225
21950
19747
22156
21784
19460
21893
19251
24599
21801
19340
22456
21657
19472
22420
19256
22761
21762
19517
23595
22587
19823
22074
19628
21961
21781
19988
22209
21853
18908
21779
18488
22251
21600
19661
21929
22181
19414
22030
18850
21684
22136
19563
23522
21262
18895
22034
19163
22267
22065
19330
22116
22067
20052
22260
19456
22095
21860
19247
21997
21933
19895
21821
19460
22030
21929
19627
23673
21898
19190
21696
19461
21805
21075
19816
22189
22540
19153
22123
19367
22038
21644
19405
22268
22704
22498
23145
19380
22055
21699
19098
23033
21954
19392
21796
19461
21601
22167
19698
22165
22022
19771
22252
18760
22069
21791
19618
23299
23870
19174
22026
19137
22102
21507
19433
22987
22061
19325
21550
19729
22243
22048
19457
22070
22097
19083
21622
19415
22198
21670
19566
22020
21913
19483
21947
18960
22223
21653
19836
23701
22458
19426
22400
19716
22170
21978
19392
22146
21975
19642
22468
19810
22085
22053
19407
21633
21728
19587
21681
19419
22085
21568
19564
23378
22132
20003
21862
19305
21776
21805
19639
22412
22103
19290
21629
19473
21681
21759
19770
21559
21541
19626
21153
19136
21953
22109
19360
23329
22681
19296
21901
19339
22006
22125
19350
22226
21782
19407
21972
18777
22121
22039
20122
23158
21974
19290
21731
18814
21965
24073
19250
23462
22141
19595
22008
19555
22076
21727
19893
21497
22255
19505
21570
19089
22082
21845
19498
22141
22011
18945
21707
19111
21754
22153
18939
24214
21537
19551
22290
20587
22493
22011
19369
22158
22525
19357
21570
19061
22090
21727
19695
21851
21407
20138
22028
19168
21976
21859
19540
23288
22435
19652
21797
19108
21806
21839
19423
22758
22389
19368
22189
19772
22100
22024
19607
22219
22136
19341
22085
19505
21836
21703
19011
23134
21730
19365
22267
19400
22180
21931
19015
22080
21965
19220
21679
19207
21856
22363
19703
22233
22653
18777
22531
19302
21703
21358
19176
23296
22223
19378
24217
19141
22103
21760
18680
21959
21961
19333
21873
19333
22178
21031
19595
21560
22083
18600
22054
19181
23007
21978
19439
23997
22111
19660
21659
18971
21696
21736
19399
21982
22150
19447
22161
19278
22373
21369
19530
21670
21970
19418
21799
19781
21634
21332
19232
23341
22264
19601
21925
19062
22722
22099
19692
22813
22127
19005
22188
18915
22131
21684
19524
21290
22082
18926
22049
19249
21770
23722
19513
21332
22134
19540
21919
19491
21983
21790
19086
22026
21625
19906
21564
19185
21453
21851
19152
22415
22488
19095
21972
19075
22170
23075
19621
22155
21648
19518
22354
18876
22059
24300
19662
22027
21696
19156
22319
19712
22005
22127
19809
21995
22082
19610
21953
18864
21750
23323
20081
23263
22338
19381
21960
19411
21895
21944
19739
21658
22249
19940
21949
19207
28048
21906
19456
21789
22227
20220
21883
19157
21795
22748
18992
21512
22408
19128
21989
19027
22194
21504
19270
24717
22268
19954
22431
19284
22000
21826
19464
21440
22091
19506
21992
19119
22353
23386
19421
21671
21822
19030
22179
19212
21978
22319
19911
21730
22050
19297
22278
19417
22272
22240
19922
22740
22062
19533
21322
19425
22108
23836
19472
22218
22004
20160
22174
19430
22390
21730
19672
22026
21746
19505
24007
19436
21994
22200
19847
21958
21928
19497
27247
21929
25361
23115
19640
22743
22364
19163
21913
19184
22241
21762
19587
21333
21990
19686
22072
19588
22043
21786
19220
21662
21830
19661
22215
19114
22146
23530
19574
22154
21712
19665
22561
19313
22022
22087
19820
22519
21671
19276
21898
19440
22051
21473
19965
21316
21980
19594
21780
19633
21784
23363
18940
21976
21767
19596
21533
19343
21897
21694
19687
22055
22003
18952
21789
19062
21221
21905
18959
22671
22019
19587
21908
19795
21741
23060
19105
22109
21985
19514
22088
19606
22013
21321
19406
21218
21916
19329
21992
19337
22150
22526
19714
25823
22684
19811
21855
18972
22008
23098
19311
22607
22272
19693
21925
19207
22078
22075
19576
22128
21946
19872
21999
19417
21624
21732
19775
21685
21706
19105
21861
19235
22012
23005
19265
22324
21884
19586
21830
19480
21983
22054
19417
22675
22341
18766
21966
19280
22069
21663
19214
21612
22106
19134
21880
18688
21613
23305
19816
21827
21905
19664
22190
19594
21794
22466
19311
21947
21112
19956
21827
19218
21460
21506
19405
22802
22299
19252
21959
19157
22141
23443
18975
22159
22306
19207
21083
19209
21930
21611
19931
21313
21819
19384
22125
19299
22200
21170
19401
22071
22032
19579
21857
19142
24024
23264
19528
22782
21694
19782
21921
19333
22157
21981
19385
21671
22274
19345
22240
18976
22129
21659
19553
22070
21722
19421
21630
19652
22126
23031
19728
21926
21701
19970
22085
19366
21568
21988
19776
22561
22170
20238
21903
19249
22875
21572
18882
22184
21540
19333
22307
18709
22000
23217
19637
22022
21831
19681
22235
18829
21988
21930
19674
22105
22022
19627
21770
19142
21795
21976
19854
21981
22259
19653
21844
19646
22078
22990
19025
21711
22214
18761
22391
19358
21728
22350
19411
21986
21227
19570
23152
19767
22190
21985
18858
22101
22028
19605
22235
19189
22177
23808
19185
22835
24278
19600
20934
19461
22219
21912
19211
22684
21420
20168
21564
19232
21951
21983
19334
21839
21771
19543
22040
19425
22220
23312
19518
22129
22068
19486
22100
19618
22148
21928
19586
22591
21802
19653
21871
18984
22071
21904
19817
22141
21737
19258
21750
19129
22015
22958
19623
22238
22124
19595
21868
19048
22206
21694
19758
22191
22119
19593
21098
19323
21885
22138
19623
22573
22268
19583
21806
18785
21761
22600
19932
22134
21693
19521
21945
19122
22316
21334
19353
21857
21202
19361
21752
19208
22094
21621
19586
21680
21947
19270
22339
19175
22217
23526
19543
22673
22558
19416
21886
19410
21564
23716
19315
22139
21929
19317
21044
19081
22045
21878
19903
21338
21817
19460
22745
18927
22285
23470
19528
22108
22195
19469
21707
19099
21202
21912
19571
22488
21963
18706
21685
19434
21542
21339
19948
22459
21599
19736
21980
19208
26897
23524
21712
22297
21805
19682
22155
19109
22055
21911
19676
21309
21969
19156
22156
19475
21417
21950
18998
24944
22387
19866
22128
19195
21435
23075
18975
22526
22051
19171
22005
19413
21830
22741
20276
21580
22062
19347
21928
19401
21984
22294
19836
22090
22103
19586
21734
18903
21693
23370
19795
21942
22042
19555
22122
19688
22181
22012
19630
21277
21818
19498
23799
19167
22218
21808
19611
21805
21363
19617
22135
19401
22216
23252
18821
22302
21836
19438
21997
18819
22064
22345
19716
23113
22012
19045
21961
19238
21746
21849
19399
22936
22027
18887
21194
19255
23306
22201
19787
22133
21990
19280
21626
19382
21894
22121
19558
22307
22173
19368
22229
19395
22188
21812
19848
22416
21994
19707
21891
19232
23287
22111
19414
22646
22159
19592
21597
19146
22006
21654
19949
22042
22165
19566
22103
19306
21432
21909
19260
22164
21890
19377
22688
19443
23002
21397
19733
22618
22183
19677
21516
19362
22293
22081
19609
22181
22017
19487
22237
19114
21948
24154
19374
21575
21717
19203
21631
19183
23523
21865
19020
22073
21958
19649
21884
18888
22106
22359
19619
22421
22266
19663
21875
19224
22133
22093
18850
22211
22069
19692
21757
19160
23083
22435
19640
21671
21929
19504
21635
18916
21989
21972
19432
21648
22533
19295
21864
19323
21879
22438
19812
22732
21283
19564
21786
19471
23349
21286
19509
23363
22043
19344
22008
19687
22144
21593
19492
22012
21827
19662
21632
19148
21793
22261
19303
21646
22448
19660
21007
19172
23455
22246
19689
23242
21716
19026
21977
18731
21447
21677
19373
22015
21707
19079
21927
19183
22095
21798
18904
22028
21948
19431
23396
19244
26689
21623
19887
22094
21839
19653
21573
19184
21802
21853
19886
22720
22627
19605
21615
19234
21851
22094
19590
22189
22342
19360
22128
19251
23459
21828
19257
21930
22049
19863
22012
19332
22034
21951
19552
22278
22295
18980
22414
19268
21972
21459
19761
22741
22063
19513
21823
19447
23628
22255
19588
21989
21478
19122
22064
19125
21874
22348
19574
21854
22384
19545
21872
19026
21851
22041
19481
21923
21917
19367
21692
19159
23548
22274
19482
22715
22287
19295
21695
19750
22265
21389
19364
22151
21420
19293
21499
19554
22029
22058
19599
21905
21875
19321
21395
19235
23101
21689
18743
23861
22432
19662
21953
19749
22360
21745
19481
22733
22076
19569
21535
19838
22080
22033
19501
21662
22120
19331
21952
19438
23387
21950
19552
21635
21455
19656
22129
19336
22408
21918
19681
22338
22184
19267
21880
19439
22000
21749
19679
22898
22040
22003
22340
18999
23321
22312
19525
22066
22049
19598
22307
19613
22028
22047
18996
22054
21702
19073
21538
19177
21840
21918
19324
21935
22004
19318
21878
19249
23187
21983
23539
26984
26714
19436
22222
19438
22100
21757
19073
21600
22159
18995
21983
19655
22128
22024
19187
21909
21978
19740
22105
19184
22575
21863
19632
21188
21602
19565
21458
19158
24393
21910
19448
22484
22292
18928
21534
18853
21746
21916
19330
22223
22186
18870
22139
19278
23131
21606
19362
21959
21664
19549
22053
19113
22051
21824
19737
22011
21956
19355
21866
19163
22245
22080
19438
22632
22056
19296
21994
19463
23092
21532
19405
22348
21640
19589
22051
19451
22145
22209
19707
21845
22177
19650
22250
19230
22323
21836
20149
21989
21857
19679
22174
19139
23335
22212
19621
24890
22422
19007
22193
19322
22246
21834
18899
21305
22132
19561
21611
19173
21521
22137
19558
21917
21811
19319
21616
19212
23197
21744
19268
21307
21931
19529
21827
19210
21808
21833
18922
22592
24256
19999
22018
19203
22352
21900
19334
22090
22081
19679
21593
19196
23120
21802
19352
22030
21921
19278
21578
19518
22176
21951
19328
22093
22387
19188
21914
19182
24472
22183
19374
22711
22252
19289
21695
18845
23449
22204
19473
22051
21729
19432
21599
19048
22202
21810
19690
21618
21727
19645
21911
19396
21649
20972
18744
22396
22150
19132
21566
19425
22903
21872
19509
22701
22476
19696
22195
18983
22047
22113
19687
21288
21140
19329
21991
19331
21871
21679
19450
22004
21755
19561
21929
19071
23407
22023
18967
22248
22013
19598
22013
19215
22100
21799
19600
22553
22238
19150
21566
19529
22017
24113
19637
21704
22294
18901
21921
19355
23444
21340
19736
21850
21763
19276
21944
19354
21965
22130
19452
22076
22195
18905
21992
19139
22053
21776
19872
23239
21544
19370
22285
19173
23542
21921
19728
21982
22112
19295
22356
19459
22083
21723
19413
21533
21273
19731
21615
19303
21599
21983
19622
21650
22092
18976
21983
19653
23152
22482
19403
23119
21493
19240
21924
19469
22436
22085
18965
22013
21385
19603
22147
19200
21936
21511
19644
21480
21757
19402
21659
19108
23316
21461
19085
22109
22094
19381
21774
18492
21928
21552
19128
27016
22538
19509
22134
19144
22125
21535
19003
22165
22077
18898
24162
19157
23104
22587
19675
21841
21925
19580
23104
19663
22106
21813
21389
22434
22081
19663
22032
19081
22076
22492
19406
22982
22342
19718
23369
19187
22146
23498
20338
22545
22149
18940
21994
19136
21763
22005
18962
21848
21797
19082
21868
19499
22338
22182
19446
21526
22149
19409
23335
19253
22437
22067
19340
22850
22513
19595
21979
18895
21279
24838
19352
21610
22332
19721
21744
19641
22040
21495
19412
22183
22262
19906
22694
19139
22008
21736
19392
22259
22655
19442
22178
19853
22048
22025
19404
22741
22048
19290
22235
19933
21636
22074
19353
22153
21964
19743
23861
19455
22210
25511
19641
24721
22604
22196
21598
19237
21827
21631
18843
22096
21945
19676
21992
19796
21769
21979
19577
22292
22197
19644
23400
18838
22093
21939
19295
21587
22491
19926
22012
19051
22003
21869
19088
22271
21663
19135
21939
19110
22086
21718
19688
22017
21697
19588
22982
19503
22435
21661
19289
22577
22170
19840
21501
19143
22053
22132
19720
22266
21997
18861
22222
19421
22001
21381
19709
21792
21937
19942
23549
19215
21635
21628
19467
22025
21405
19662
22049
19275
21728
22018
19023
22516
22267
19216
21467
19325
22096
21783
19812
22197
21930
19590
22938
18960
22491
22298
19628
21522
21815
19319
24776
19582
22057
22044
19563
21973
22340
18821
22291
19376
21815
21790
19466
22876
21968
19385
23350
18739
22125
21749
19371
21740
21871
19971
22134
19254
21719
21945
19875
22003
21596
20178
22294
19454
21951
22084
19695
22229
21418
19443
23422
19405
21844
21540
18860
22631
22551
19862
21773
19519
22409
21910
19785
22318
22095
19333
22117
19176
22307
22301
18982
21916
21823
19261
22505
19288
22155
21753
19620
22051
21656
19075
22494
19407
26198
21796
19808
54066
24774
19753
22160
19088
22158
22020
19633
22090
22158
19568
23615
19098
22093
22195
19412
21894
21674
19766
22132
18535
21792
21526
19705
24313
21696
19677
22037
18820
22079
22075
19771
23027
22352
18952
23505
19264
21930
21681
19328
21709
22016
19225
21897
19477
22026
22170
19625
21594
21651
19480
21128
18960
21667
22003
19324
22259
22165
19364
22818
19513
22277
22539
19655
22528
21904
19162
21871
18807
22308
22176
19917
21874
21344
19276
21893
19255
21573
21959
18920
21266
21966
19535
22818
19197
22823
21882
19417
22320
21997
19610
21554
18444
22151
22403
19279
22372
22262
19361
22216
19734
22059
22104
19735
21959
22004
20172
22772
19158
22120
21981
20179
21631
22027
19618
21862
19145
21870
22305
19543
22115
22341
19327
22175
21312
24914
21746
19364
22681
22281
19417
23396
19466
21661
20935
19335
21828
22025
19604
22008
19023
21968
21878
19562
21992
21643
19611
21884
18748
22036
21660
19031
21946
21973
19580
22750
19914
21641
21442
19515
23010
22225
19377
21554
19286
22019
21632
19546
22012
22173
19515
22010
19147
21630
21040
19467
21505
22061
19671
23420
18905
22685
21898
18972
21855
21423
19669
22177
18634
22023
21697
19385
22790
22212
19078
21251
19428
21469
22353
19138
21947
21685
19543
23129
19700
22003
22251
19512
21623
21664
19727
22184
18574
21943
21941
19090
22116
22347
19293
21888
19206
21944
22087
19276
22619
24027
19730
23134
19187
22189
21684
19373
22562
21827
19353
21628
19207
22011
22286
19399
21723
22275
19680
21921
19131
21695
22165
19556
22165
21374
19133
23288
19406
22211
21729
18906
22786
22680
22192
22561
19411
22138
22268
19709
22130
21732
19376
22554
19651
22066
22126
19150
22025
21938
19433
22599
19504
21781
22047
19502
21734
22191
19725
21666
19130
22119
21887
19008
22413
22585
19347
21615
21582
22535
22447
19216
21872
21682
19560
23466
19675
37593
21754
19431
21260
21805
19892
21641
18878
22184
21933
19548
21604
21899
19190
21339
19630
21956
21899
19717
22799
21888
19734
23136
18827
22374
23333
19415
21962
21694
19591
22093
19333
21919
21898
18988
21984
21060
19274
21954
19023
22233
21769
19397
21930
22039
19717
23521
19190
22100
21749
19067
22689
22232
19697
21837
19211
22430
21713
19477
21950
21919
19811
22113
19280
21501
21999
19627
21902
21467
19602
23066
19466
22166
21961
19590
22018
22272
19386
22155
19608
21796
22468
19619
22885
21928
19435
21789
19510
21682
21874
19424
21883
21929
19621
23245
19758
21858
22149
19750
21973
21854
19566
22241
19082
22309
22436
19280
22157
22192
19573
21860
19464
23263
21818
19564
22035
23656
18974
21982
18940
22142
21767
19466
22124
23800
19437
21522
19583
21890
22419
19816
22174
21822
19436
22241
19726
21780
21834
19405
22227
23408
18986
21895
19686
21960
22275
19731
22724
21967
19466
21949
19332
22459
21929
19421
21874
20965
19778
21726
19100
21914
21928
19517
21879
23304
19930
21170
19531
21985
22049
19522
21768
22535
34468
21647
18803
24726
21999
19719
22759
22304
19228
21358
19512
22107
21917
19096
22425
23412
19601
22168
19202
22725
21564
19463
22433
21943
19671
21695
19161
21474
22389
19715
21942
22221
19336
21502
19419
22112
22319
19786
24812
23698
19343
21953
19346
22062
21390
19774
22080
21940
19466
22111
19669
21694
24044
19450
22080
22125
19368
22040
19225
22010
21469
19090
22340
23092
19169
22015
19532
22062
22044
19828
23035
21746
19798
21476
19220
22168
22000
19773
22120
22334
19392
21995
19477
21346
22319
19670
21984
22912
19547
21859
19670
22155
22056
19678
22041
22440
19520
21799
19639
22171
22121
19355
22822
22166
19396
21618
19679
22221
21911
19150
22178
23209
19032
21924
19837
21993
21211
19403
22500
21991
19220
21284
19329
22137
21978
19645
22092
22040
19411
22046
19456
21943
22552
19593
22933
23326
19701
21632
19153
22143
21987
19044
22066
21999
19786
21589
19481
21733
22375
19314
21669
22132
19419
23791
19172
21954
21847
19440
22176
23172
19042
22242
19130
21638
21338
21991
22274
21979
19592
21911
19320
22374
21989
19317
22404
22248
19570
21713
19096
21976
21903
19548
21643
22685
19059
22126
19176
22000
22147
22418
22602
21898
19558
21623
19685
21738
21719
19395
22021
21958
20237
21953
19192
22652
22168
18649
21880
22201
19416
21785
18989
21454
22013
19759
21508
22903
22093
22501
18985
22254
21763
19595
22010
21624
19665
21990
19530
21933
22118
19886
22545
23567
18909
22145
19444
22204
22198
19425
22047
21699
19516
22073
19416
21614
21928
19476
21704
22020
19395
21626
18892
21954
21716
19333
24350
22807
19464
22119
19764
21627
21449
19362
22395
22285
19288
22389
19140
22370
21582
19237
22054
22391
18597
22222
19402
22107
22249
19490
21776
23781
19010
21766
19728
21705
21979
19421
22153
22528
19210
21480
18881
21941
21888
18930
22305
22612
26314
22006
19189
22129
21931
19182
22103
23087
19614
22061
19675
21582
21674
19403
22157
21557
20186
21572
19007
22215
21992
19589
21979
22153
19714
21636
19280
21249
22035
19672
22629
23340
19382
21930
19050
21676
22161
19409
21621
21950
19361
21980
19349
21699
21684
19602
21548
21748
19348
22278
19335
22210
21882
19552
22001
23384
19389
22014
19147
23576
21691
19735
22695
22254
19408
21891
19174
21778
21984
19382
22055
21856
19274
22188
18773
22023
21071
19440
22052
25653
20427
22599
19174
22322
21753
18953
21940
21776
19272
21923
19453
22230
21993
19525
22794
22172
18996
21468
19236
22111
22041
19577
21706
23319
19405
22040
18710
21376
21842
19328
21951
21701
19494
21224
19090
21941
22158
19406
22103
21738
19575
21995
19160
22197
21995
19662
22971
23501
19381
21898
19754
22398
21870
19584
21825
21273
19490
22199
19393
22269
21770
19258
21861
22080
18890
21424
19064
21764
21734
19911
21934
23628
19694
21173
19434
21900
21985
19679
23173
23480
19520
21953
19532
22115
21713
19353
22047
21578
19437
22199
19171
21989
21352
19523
21875
22988
19394
22034
19261
22054
21811
19439
22350
21948
18933
22289
19995
21956
21401
19419
22445
22326
19594
21610
19459
22089
21923
19631
22440
22777
19460
21437
19632
22008
22136
19521
21972
22041
19531
21939
19507
22248
21752
19569
22087
21818
19393
21074
19176
21732
21819
19269
22048
22961
19670
22798
19631
22246
21505
19033
22055
21793
19146
22013
19945
21721
21324
19398
21826
21558
19768
21696
19274
21964
21899
19280
22145
23702
19657
21833
18779
21286
22274
19480
24898
22599
19812
22032
19004
22014
23436
19516
22102
22395
19583
21991
20441
22919
21851
19698
21390
22825
19615
21946
19223
22069
21364
19256
22002
21954
19350
22022
19167
21488
22182
19179
23004
21978
19424
21884
19498
22073
21981
18901
22139
22977
19345
21763
19139
22516
21731
19687
22171
21757
19658
21575
19009
22055
22134
19229
22015
21705
18919
21861
19181
22216
21867
18985
22769
22652
20152
22503
18468
22015
21772
19699
22959
21987
19710
22045
18557
21992
21936
19626
22212
21601
19458
22011
19597
21955
21765
19494
23143
21843
19622
21753
19629
21962
21735
19652
22608
22209
19582
25313
22501
22509
21625
19583
21778
23322
19501
22003
19209
22101
22017
19559
23422
22221
19332
22159
19232
22135
21990
19688
21634
21401
19785
38452
38970
38212
21515
19689
22934
22200
19278
21892
19448
22233
21313
19591
23646
21943
19377
22047
18855
21968
21892
19573
21929
21966
19386
21822
19341
22171
21950
19806
21682
21685
19526
21656
19497
21659
20950
18992
23667
22499
19050
21978
19444
22309
21319
18923
22075
21626
18960
22081
19725
21178
21901
19454
22061
22087
19599
20973
19688
22207
21976
19613
23219
22057
18844
21071
19247
22203
22068
19894
22796
22071
19726
21950
21958
22113
22279
19768
22086
21799
19206
22132
19269
21372
23324
19534
23019
21787
19893
22141
19376
22000
21593
18657
21774
21836
19304
22023
19112
22041
21957
19591
22903
22433
19676
21582
19108
21952
22040
19274
22813
21721
19614
21981
19366
21949
21528
19448
21812
21581
19510
21907
19085
21929
21641
19635
22207
22006
18615
21877
19424
21784
21716
19759
24124
22228
19836
22104
19277
22126
21184
19337
21901
21919
19372
21671
19335
21930
22455
19135
22053
22105
18924
21230
18843
21788
21899
19539
23542
21224
18900
22666
19250
22195
22503
19515
22505
22311
19150
21930
19000
22190
21685
35367
22219
21773
18997
21857
19854
21667
22022
19975
23498
21990
19363
23788
19248
21550
21704
19009
21786
22225
19474
22142
19167
21755
21895
19434
22368
22252
19214
21955
19297
22075
21919
19593
23433
21801
19634
22075
19405
21769
21812
19688
21852
21790
19000
21970
19473
22268
21650
19498
22153
21998
19314
22123
18652
22085
21765
19623
23602
22241
19227
21485
19197
21512
22144
18863
22249
21972
19818
21632
19315
22688
21797
19078
21893
22376
19887
21967
19503
21414
21420
19044
23299
22318
19494
22164
19121
21369
21927
19281
22821
22270
19329
21292
19325
21660
21719
19223
22019
21421
19777
21959
18388
22003
21436
19468
23327
21795
19290
22078
19170
21856
21500
19170
23390
21911
19603
21442
18782
22056
22368
19527
22258
22057
19487
21936
18836
22165
21333
18725
23656
21781
18892
22002
18673
21729
22032
19870
22121
21415
19306
22069
19154
22449
21582
19844
22216
21961
19239
22030
19035
21684
22132
18737
23924
22397
19559
21910
18870
21972
21667
19549
22430
21756
19595
22243
19194
22122
21883
19606
21783
21619
19138
21920
18836
38201
21278
19413
23255
22093
19392
22007
19110
22577
21366
18596
22658
22172
19190
21942
19571
22227
21721
19399
22380
21661
19360
21889
19192
21700
21706
20199
23147
22419
19012
21623
19150
22819
21777
19413
21563
22020
19418
21948
19418
23718
21617
19527
24309
22443
18953
22178
18924
22189
21782
20321
27761
21950
19321
21996
19410
21653
21776
19401
21790
22187
19582
21897
19734
22729
21905
18600
22205
21742
19025
22185
19317
21811
21924
19266
23456
22031
19536
21929
18759
22137
22232
19473
22167
22217
19467
22057
18707
21305
21340
19686
22075
21515
19638
21917
19055
22024
21412
19487
23132
22410
19380
21901
19276
22157
21457
19173
22939
22296
19565
21822
19515
22544
21834
19349
21978
22096
19351
22190
18521
22257
22603
19331
23492
21603
19590
21389
19529
22014
22267
19588
21358
21821
19591
21888
18826
21710
21711
19606
27649
23860
19640
21911
19153
22361
22110
19474
22946
21856
19289
22041
18842
21921
22136
19260
21851
22095
19333
21184
19138
22109
21447
19540
21657
21828
19250
22079
19074
22041
21563
19157
24606
22967
19010
21876
19887
22088
21064
19851
22008
21727
19545
21709
19239
21523
21717
19553
21904
21660
19428
21601
19081
21740
21822
19302
22831
22449
19543
21778
19184
21988
21939
19116
22647
22232
19040
21692
19240
21992
21241
19242
22030
21664
19329
21675
19149
22020
21478
20210
23537
21745
19478
22015
19269
22426
21662
19288
22142
21718
19324
21989
19186
22109
22046
19281
22883
21778
19508
22341
19145
22203
23731
19455
23156
22095
19474
22102
19618
21649
22076
19292
21667
21914
19619
21861
19662
22240
21926
19754
21787
21464
19271
22455
18791
21112
21636
19294
24341
22075
19377
22273
18857
22412
21734
19423
22279
21684
19249
21646
19031
21535
21949
19613
21982
21231
19261
49626
18981
22772
23322
19913
22274
22363
18896
21930
19251
22089
21977
19421
22912
22213
19620
21855
19581
22019
22203
19307
21942
22103
19731
22345
19194
21815
22924
19267
21987
21919
19385
21500
18770
21601
22004
19452
22015
22389
19320
21594
19571
21613
21778
19518
22807
22246
19388
21992
19177
22358
23345
19491
22308
23003
19013
21816
19445
21548
21380
19284
22031
22511
19618
21850
18939
21895
22009
19888
21566
22388
19172
21932
19148
21223
22604
19683
23303
22462
19682
21936
19532
22323
21772
19603
22051
22183
19319
21942
19210
22284
22018
19247
21988
21826
19541
22084
19072
21843
23245
19357
21754
21635
19468
21443
19421
21635
21033
19930
23145
21864
19405
21474
18725
22034
21188
19369
22464
21742
19447
21634
19105
22028
23043
19410
22417
21591
19493
21901
19310
22079
21985
19884
22084
22072
19579
21989
19152
21763
21967
19406
23013
22103
18824
21675
19593
22301
23179
19621
22078
21611
19307
22170
18719
22165
23623
19573
21346
21919
19366
21839
19083
21351
21414
18919
22228
22240
19290
21583
19290
22070
22864
19586
22122
21991
19439
22149
19066
21614
21939
19025
22109
22006
19699
22142
19502
23166
22590
19252
22018
21015
19346
22255
19501
21887
23542
19632
21966
21829
19558
22122
19134
22213
22202
19876
22948
21989
19594
21628
21074
22445
22291
19404
21909
22310
19358
22059
19796
21317
22774
19213
22407
21510
19243
21938
19141
21986
22102
20164
21988
21720
19001
21250
18374
22361
22190
19272
23242
21548
18597
21521
18960
22312
24044
19609
22321
22244
19441
21943
19097
21320
21949
19413
22793
22014
19213
23961
19172
22167
21928
19346
21626
22006
19093
21314
18836
22000
22970
19356
24859
22048
19358
21713
19252
21745
21961
19649
21670
22454
19001
21738
19452
22143
21841
19412
21698
21700
19653
21763
19007
22039
23300
19390
21696
21592
19764
21920
19423
22040
21922
18699
22494
22226
18581
21881
19229
22185
21928
19669
21635
21693
18899
21636
19297
22312
23100
18708
22313
21692
19744
21588
19828
21659
22364
19874
22154
22145
19417
21371
19126
22091
21664
19716
22613
21936
19517
22132
19365
22221
23108
19656
22305
22251
19243
21735
19081
22016
22212
19794
21670
21648
19527
21647
19570
22055
22071
18999
23733
22171
19318
22418
19502
22231
23204
19631
22703
21375
19464
21967
19388
21789
21887
19326
24313
22350
19529
21964
18894
22177
21783
19595
22235
21800
19298
21401
18837
22141
23239
19614
22279
22010
19499
22185
19393
21719
22095
19017
22127
21816
19517
22047
19532
22140
21663
19383
21509
22306
18979
21986
19177
21879
23575
19670
22005
21314
19334
22120
19192
22220
22129
19547
21850
21760
19389
21963
19166
37815
22205
19640
22333
21910
19640
21857
19778
22114
22930
19801
21950
22114
19609
22287
19080
22163
22061
20044
21683
21978
18606
22392
19086
21886
22125
19613
22261
22244
19339
21799
19083
23588
22845
20036
23184
22274
19437
22016
19136
22139
21473
18689
22236
21673
19593
22111
19188
21636
21692
19375
21997
21083
19551
21639
19308
22261
23370
18883
22131
22528
19388
22088
19157
21984
21846
19520
22084
21871
19499
22033
19400
22732
22282
19808
22093
21945
19137
21801
19129
22390
22668
19478
22225
21782
19517
21961
19411
22291
21757
19441
22165
21919
18933
21835
19198
21929
21915
19731
22614
22283
19466
21980
19373
21515
22673
19421
22623
21540
19320
21712
19275
22003
22023
22561
24835
21509
19548
21955
19753
21642
22447
19611
21618
21857
19433
21799
19282
22600
22607
19212
22857
26211
19035
22326
19360
22319
22218
19402
21923
21722
19571
21476
19164
22021
21094
19073
21860
22159
19658
21591
19355
21941
23370
19411
22172
21899
19705
22004
19538
22168
21921
21517
22928
22243
19419
21657
19693
22106
22059
19341
21737
22011
19353
22153
18843
21833
22402
19150
21697
22244
19939
21952
19438
22267
21839
18783
22055
21589
19397
22049
19163
21951
21747
18632
22346
22241
19423
22082
19138
21741
23660
19439
22165
21760
19974
21531
18739
22343
21638
19624
21631
21925
19582
22026
19097
21897
26497
23104
25678
22011
19394
21738
19604
21954
23360
19595
22536
21866
19396
22681
18500
22090
23419
19708
21794
22069
19722
21279
19183
22207
21775
19794
22067
21842
19591
21927
19624
21614
23205
18634
21587
22323
18958
21959
18821
22440
22686
19562
22874
22329
19040
21791
19606
22148
22057
19563
22107
22017
19321
22339
18729
23395
21814
19537
22048
21871
19037
22117
19156
22410
22090
19390
21439
21851
19373
22066
19695
22294
21848
19584
22167
22293
19670
22027
19480
23421
22278
19336
22483
21482
19683
21807
18831
22168
21843
19072
21569
20961
19548
21695
19118
21907
21993
19579
21659
22294
19575
24580
19650
23639
21727
19759
22910
22017
19561
21985
19373
22184
22019
19304
22154
23120
19478
21312
18701
22036
21575
18979
21974
21645
19593
22372
19164
23700
21781
19410
22317
22032
19622
21709
19276
22133
21888
19581
24052
22229
19439
22198
19775
22186
22023
19522
21659
22451
19711
22256
19433
23548
21952
19350
21769
21692
19299
21567
19389
21882
21921
19326
22249
21864
19407
21980
19215
21667
21663
19637
22883
21865
19279
21331
19224
23245
22189
19530
22043
21941
20182
21989
19733
21516
21690
19653
22227
21932
19320
22094
19324
21956
21688
19457
21674
21504
19380
22073
19752
23621
21884
19363
22693
22077
19413
21898
19209
22063
21718
19801
21671
21480
19564
22337
19097
21473
23654
19398
22040
21788
19668
21860
19414
23448
21721
19558
22107
22039
19365
21952
19091
21999
21895
18989
23067
21594
19584
21923
19760
22084
21941
20042
21644
21390
19401
21762
19137
23872
21305
19668
22112
21954
19421
21968
19115
22056
21978
19373
21425
21896
19282
21173
18953
22416
21609
19441
22821
22208
19821
21957
19426
23268
21911
19621
21435
22185
19494
21844
19387
21748
21856
19458
22218
21610
19618
22089
19245
22082
23449
18931
21841
21706
19347
22125
18918
23908
39331
19780
22263
22283
19058
21911
18806
22075
22062
18950
22219
21461
19665
21801
19568
22996
21673
19576
22134
22010
19521
23316
19164
22825
21815
19603
21649
22656
19394
22126
19093
22157
21768
19686
23251
21847
19382
22025
19251
22076
21369
19641
22032
21643
19403
21868
19388
23337
22104
19494
21612
22004
19545
22004
19340
21938
22101
19254
21844
21787
19448
21736
18833
22207
22087
19722
22732
22339
18951
22305
19091
22961
21250
19248
22016
22357
19458
21708
19200
22147
22077
19185
21621
21731
20014
22049
18807
21995
22093
19982
22234
21333
19489
21976
19388
23195
22113
19526
22922
21891
19613
21716
19450
21656
22040
18974
22192
21947
19575
22303
19014
21935
21793
19481
22217
21739
19715
21301
19135
23371
22479
19646
24099
21767
19589
22206
19720
21862
21890
19143
22745
22108
19593
21844
19715
22040
21968
21487
26419
27444
19252
21820
19214
23424
21873
19664
22077
22142
18730
21454
19389
21914
22031
19344
22100
21835
19259
21130
19637
21994
21308
19641
22733
22461
19519
22050
19042
23484
22274
19379
22118
24141
19577
21465
19109
21832
21826
21210
22467
21684
19580
22047
19728
22079
22031
19376
21633
22570
19268
22021
18844
23394
21889
18850
22779
22178
19233
21997
19431
21697
21601
19096
22146
22105
18921
21979
19149
22070
21959
19571
22206
21330
19724
21252
18433
23901
22135
19686
22243
21809
19576
22017
19653
24607
21637
19583
22810
21918
19640
21993
19422
22297
21825
18972
21935
21071
19331
21483
19402
22988
21808
19470
21196
21895
19299
21375
19149
22333
21968
19423
22004
21421
19819
21649
19306
21528
21760
19353
22299
22126
19000
21928
18977
23302
21886
19430
21664
22185
19616
21820
19032
22044
21896
19684
22060
22335
19339
22214
19108
21911
21574
19768
22412
21738
19024
21009
19426
23447
22119
19573
22732
21388
19411
21899
19393
21963
22112
19200
21546
22076
19499
22011
18810
21595
22254
19312
21841
21771
19531
22730
19347
23382
21418
19629
21731
21763
19332
21315
19316
22194
21768
19494
23232
24339
19604
21539
19359
22279
21459
19723
22374
21286
19351
21951
19375
22958
22316
19224
21885
21774
19090
22072
19331
22142
21704
19434
22409
22135
18504
22013
19553
21875
22414
19533
24461
21935
19635
21995
18815
23411
22042
19468
21971
22000
19480
22107
19272
22294
21451
19682
21681
21453
20167
21930
19826
22333
22326
23720
21936
21868
19705
22077
19067
22980
21841
19609
22754
22032
19613
21925
19172
21655
22440
19343
21394
21520
19616
21966
19165
21884
20997
19643
21465
21479
19812
22032
19675
23183
22114
18955
22076
21433
19784
21947
19789
22050
21763
20012
23044
22163
19454
21656
19349
22306
24277
19324
23309
22014
19261
23629
19321
22042
21916
19291
21969
22067
19365
22144
19060
22206
21787
19365
21912
21557
19717
21937
19053
21850
21460
19281
22971
21477
19046
23316
19070
22046
21693
18641
21762
21978
18928
22135
19217
22109
21644
19650
22324
21912
19970
21679
19134
22050
21926
19559
21580
21792
19272
23619
18712
21792
21866
19904
22328
22492
19456
22023
18799
22107
21734
18947
22044
21880
19663
22112
19752
22011
21748
19397
21723
21928
19327
23314
19035
21843
21729
19606
22294
22245
19396
22135
19247
21696
22065
19659
22839
22230
19413
22048
19174
22050
21807
19458
22297
23375
19552
22991
19450
22445
21316
19488
21432
22314
19759
21943
19168
21951
21771
19410
22277
21901
18498
21949
19611
22097
22041
19622
22739
22206
19361
22371
20541
22591
21700
18804
21999
21790
19925
21719
19565
21990
21834
19403
22152
22079
19530
22044
19429
21412
21686
19599
22707
24098
22499
25162
19056
22012
21401
19779
22645
22200
19411
21754
18929
22272
21840
19373
22099
22274
19257
22072
18564
22445
22188
19475
22026
22060
19490
23197
19186
22119
22023
19720
21761
21387
19573
22078
19188
22095
22005
19657
23080
21904
19030
21912
19530
22225
21866
19610
22466
21856
19722
22785
18767
22015
23276
19400
22038
21784
18806
22176
19744
21622
21703
19502
22008
22235
19750
22042
19313
21519
20951
19771
22770
22041
18872
23044
19623
22119
21298
19890
21996
21960
19699
21934
19417
22038
21696
19425
21424
21886
19625
22167
19362
22001
21150
19468
21963
22101
19921
23432
19743
21609
21435
19671
22406
22332
19515
22457
19682
22056
21852
19351
22666
22045
19332
21822
19240
21190
22265
21741
21666
22029
19276
23277
19469
22052
22079
19642
21600
21778
18647
21966
19251
22025
22089
19639
22878
21935
19376
21829
19506
22310
22083
19493
22085
21942
19718
23055
19095
21339
22215
19585
21918
22304
19471
23543
19540
22022
21962
19282
22305
22608
19304
21997
19051
21770
23940
20197
22664
21999
19869
23377
19532
22153
22002
19610
22066
22376
19651
22160
18517
22217
21115
19653
21920
21616
19640
21893
19177
22085
21753
19387
21603
22077
19579
22480
19074
22212
21730
19670
21903
22311
19400
22082
18902
22807
21908
19459
21708
22668
19544
21585
19164
22086
21708
19398
21653
21419
19483
23104
19319
21817
22009
19862
22196
21896
19300
22067
19749
21993
21730
19369
22432
22122
19306
21823
19225
22079
21765
19809
22246
22509
19551
23058
19450
21681
21799
19739
21420
21674
19619
21910
19199
21684
21799
19209
24008
22383
19406
21255
19153
21363
21398
19368
23177
22232
19524
23638
19183
22364
21093
19389
22049
22148
19578
22126
19183
21910
21865
19395
21394
21645
19558
21918
19226
21672
21928
19517
22144
21958
19775
23179
19638
22356
21745
19721
29200
22736
19800
22062
19512
22301
22073
19211
22099
21741
19282
21877
18762
22109
21020
19321
22017
22137
19580
23787
19544
22686
22288
19913
22027
22013
19783
22141
18741
22507
22101
19473
23013
22147
19247
21988
19423
21772
22299
19836
21934
21914
19311
23332
19634
22293
21234
19641
21728
21458
19593
22061
19115
22382
21993
19599
22331
22052
19676
22055
19313
23723
22361
19260
22492
21644
19381
23452
19108
21609
22255
19553
22027
22267
19817
22021
19471
22057
22025
19659
21975
22186
19819
21258
19083
22149
21781
19339
21788
22083
18863
23390
19235
21840
22055
19682
23039
21976
19405
21891
19051
22083
21684
19398
22094
21862
19363
21980
19905
22055
22073
19642
21879
21653
19767
23027
19591
21867
22012
19669
22324
22370
19701
21722
19021
21981
22203
19392
22744
22140
19581
22209
19659
21999
22221
19018
22161
22177
19303
22970
21498
22122
22012
19679
22231
22404
19492
21772
19399
22024
21773
19639
22435
21779
19444
22240
19414
22284
21707
19298
22301
23729
18821
23126
19207
22323
22012
19611
22012
21509
19303
21979
19368
22160
21825
18746
21986
21747
19521
20953
19145
22239
22008
19590
22415
22149
19665
23317
20300
22321
22357
19060
22584
21875
19784
22200
19602
21666
21589
20010
22255
21830
19729
21812
19151
21802
22132
19634
21735
21049
19683
22981
19913
22081
21416
19607
21990
22221
19605
21645
19206
22174
21540
19895
22852
21909
18842
21911
19389
21967
22011
19635
22149
21427
19375
23651
19511
22135
22037
19338
21920
22073
19400
24473
19619
21897
22391
19244
22193
22488
19378
21085
19213
22257
22018
18961
22764
23932
18576
22406
19064
24405
22937
19182
22156
22219
20000
21835
19076
21759
21867
19580
22191
22353
19240
21815
19533
22234
21422
19913
22065
23264
19608
22455
19523
22052
25072
19998
22937
21938
19535
21734
19399
22172
21859
19677
22079
22062
19371
21953
19240
21774
22117
19406
22119
23286
18955
21685
19352
22344
21926
19722
22226
21701
19505
21474
18920
21698
21909
19594
22616
22130
19453
22123
19337
22188
21858
19655
22045
23422
20011
21654
18812
21738
22043
18987
21568
21886
19880
22158
19272
22464
21657
19355
22303
21963
19893
22251
19159
22031
21723
19630
22345
23310
19297
22088
19380
22422
21931
19378
21940
23421
19422
22144
19040
21649
21956
19737
22234
21776
19603
22152
19341
21912
21974
19645
21995
23211
19299
22068
19230
22704
21605
19656
22349
22435
19641
21892
19292
22429
21690
19629
22323
21991
19342
21583
18940
21951
22362
19787
21903
23217
18625
21873
19037
21976
22019
19326
21424
21728
19527
21505
19131
22242
22048
19912
22638
21587
19366
21927
19332
22254
22308
19368
22283
23464
19545
22084
18810
21655
22057
19822
21496
21768
19575
37573
20020
21758
22169
21160
22202
21215
19321
21978
19441
22240
21769
19289
22825
23709
19411
22017
19573
22191
21573
20988
22399
21733
19496
21757
19455
21665
23415
18680
21677
21852
19323
21836
19246
22050
22260
21210
22531
22300
19728
21903
19802
22487
22374
19582
22604
22200
19256
21729
19637
22116
22053
21649
22346
21354
19690
21929
18820
22087
21801
18825
21084
23720
33244
21948
19255
22232
21279
20965
21985
21746
19495
21543
19340
21998
22000
19745
24946
22307
19635
22188
19416
22028
22031
21147
22063
22554
18614
21754
19110
22083
21941
19221
22137
21909
19821
22343
19755
21288
21756
21226
21371
21954
19728
22133
19804
21929
22095
19268
22949
23529
19536
21694
19397
22542
22191
21567
22140
22014
19678
22285
19165
22192
21324
19536
21847
21696
19892
24468
19065
22192
22347
21169
21962
23054
23247
26065
24635
21322
22058
19036
22135
21924
19314
22141
19471
21409
21354
21505
22585
21863
19304
21844
19196
21812
22120
19695
22170
23477
19274
22128
19162
21780
22078
21141
22300
21772
19546
21988
19261
22265
22117
19605
22824
22018
19321
21921
19185
24521
22245
21124
22099
23065
19344
21895
19139
22085
22263
19929
21661
22018
19552
22289
19047
22011
22213
21374
22303
21751
19634
21190
19357
21717
21867
19333
22830
22835
19470
21992
19523
22197
21821
21226
22077
21394
19265
21978
19335
22039
21991
19595
21876
21714
19536
22056
19187
21747
21753
21355
24467
23070
18919
22113
19499
22213
22043
19604
22290
22243
19515
21525
19323
21911
21591
21383
21918
22038
18725
21714
19114
22826
21769
19409
21841
23163
19367
21761
19061
22188
22200
21434
21947
21888
19334
21987
19240
21985
21761
19461
23167
22361
19462
21950
18840
21536
21335
21498
22311
23139
19672
21969
19029
22105
21774
19513
22236
21876
19568
22360
19803
21980
22021
21212
22447
21680
19183
22033
19034
22121
21724
19590
22437
23217
19090
22009
19243
22207
21925
21084
22161
21641
19560
21668
19481
21499
21151
19212
22041
21855
18875
21610
19110
21763
21700
21213
21872
23113
19627
21433
19123
23748
22340
19878
22762
22021
19506
22021
18617
22218
21741
21396
22291
21938
19694
21716
18929
22071
22040
19523
22235
22573
19684
22018
19303
22015
21983
21215
21622
21661
19869
22003
19661
21862
25090
19885
23282
21655
18840
21717
18684
21841
22359
21073
22031
22912
19386
21901
19073
21378
22077
19618
21855
22430
19255
21745
19225
21942
22306
21063
21710
21354
19167
21615
19306
22175
21728
19711
22941
23999
19493
21851
19239
22359
21776
21389
21995
22047
19719
21911
19705
21879
21659
19510
22200
21594
20206
22069
19327
22323
21851
21147
21600
22735
19408
21887
19648
21602
21604
19458
22887
23951
19458
21829
19487
21461
21877
21487
22306
21744
19281
21925
18549
21705
22135
19981
21902
23135
19401
22210
19210
21711
21951
21493
21708
22155
19290
21874
19094
21323
22138
19729
22704
22059
19874
22187
19476
21981
21389
21224
22468
23103
19644
21926
19012
21725
22075
19563
22234
21683
19678
21772
19226
22292
21637
21167
21288
22018
19345
21717
19295
23175
22372
19659
24655
21715
19617
21626
19552
22208
22085
21461
22402
21765
19610
21397
19158
21575
22071
19649
21846
21300
19419
22004
18778
21691
22117
21367
23229
21938
18975
21384
19540
22407
21689
19555
23139
22350
19284
22089
18614
23783
22237
21740
22245
22336
19453
22076
18612
22267
21709
19250
22961
21659
19014
21991
19109
21478
21849
21354
22616
22362
19595
22845
19106
21715
21619
19335
22825
21866
19307
21757
18795
22317
21470
21215
23250
22480
21247
22646
21451
21619
22161
19062
21308
21198
19453
21374
19088
22137
21877
21318
21958
21897
19424
21590
19370
21490
22267
19913
26422
21900
19609
22276
18384
22262
21647
20957
22160
21719
19374
21627
19184
22019
22000
19820
22072
22081
19342
21894
18967
21933
21577
21320
23800
21835
19603
22291
19165
21619
21909
19713
22082
22176
25213
22202
18617
22164
22019
20438
22033
23305
19702
21958
19473
72922
31454
20318
21917
24315
19263
22171
19339
24419
21419
19327
21451
23278
19008
22581
19390
22224
21921
19354
21649
22070
19382
22227
19506
23697
23151
19405
22237
21770
19044
21882
19411
20967
21832
19606
22276
22666
19646
21458
19183
23963
21754
19587
21936
21686
19580
21998
19202
21882
23237
18915
21686
22144
19549
21717
19100
23700
22252
19582
21039
21531
19395
22072
19257
21928
21729
19559
21834
22651
19376
21932
19356
23865
22914
19536
22311
21431
19043
22099
19172
22194
21236
19018
21641
21989
19497
22258
19169
23993
22233
19250
22275
21767
19084
21558
19316
21376
26054
19194
22328
23511
18956
21728
19444
23887
21888
19532
22176
21721
19468
22013
19249
22394
21653
19613
22014
22180
19588
21646
19222
23759
23194
19807
21664
21791
19431
21501
19285
21757
21987
19342
21852
22887
19403
21727
19216
23801
22141
19650
21544
21882
19588
22083
19355
21661
23203
19379
21431
21895
18726
21206
19158
24009
21884
19245
21417
21988
19039
21585
19354
21944
21542
19285
21596
23057
18722
21995
19765
24070
22663
19569
22130
21927
19346
22178
19593
21727
21183
19020
21739
22186
19667
21717
18920
24257
21940
19347
22181
21767
19348
21847
19082
21730
23075
18957
21968
22433
19435
21811
19434
23501
21857
19188
21385
21189
19287
21649
19288
21928
21601
19281
21893
21471
19430
21967
19471
23981
23253
19269
21781
21200
19301
21423
19130
21727
21491
19310
22500
23351
19370
22030
19117
23361
22076
19537
21785
21580
19721
22162
19167
21512
22467
19249
21632
21989
19300
21805
18922
23964
22085
19344
21972
21794
19344
21043
19451
21804
21758
19439
21845
23132
19309
21901
18861
23141
23537
19639
21596
23693
19294
21703
19326
22061
21387
19317
21435
21565
19209
21990
19199
23819
22000
18946
22223
31815
20049
22274
19139
21859
23024
19469
21999
23048
19559
21729
19458
24103
21754
19019
21965
24295
19036
22119
19192
21971
21451
18902
21092
21513
19221
21973
18908
23798
23072
19687
21230
21632
19414
21948
19120
21972
21587
19490
21725
22618
19423
21990
19103
23550
21579
19334
21680
21627
19546
22084
19342
22203
22911
19351
21667
21829
19364
21898
19642
24174
21635
18858
22096
21288
19454
21912
18926
22354
21663
19564
21707
22585
19350
22013
19167
24094
22988
19548
25940
25188
22205
21691
19374
22228
23964
18995
21956
22069
19577
21641
19274
23994
21947
19384
21879
21618
19758
22185
19393
21316
23198
18986
21673
21924
18972
21062
19625
23720
21737
19378
21842
21501
19171
21912
18849
21855
21425
19294
21532
21794
19235
21605
19226
23797
23405
19387
21955
20954
19254
22050
19369
21909
21902
19337
21237
22510
18674
21681
19331
23703
22030
19381
21827
21245
19499
22201
19591
22044
23099
19532
21667
21757
18666
21716
18891
23938
22322
19426
22151
21066
19634
21966
18910
21825
21946
19343
21717
22459
19366
21966
19076
24127
23293
19577
22079
21521
19307
21762
19383
21360
21615
19312
21576
21408
22595
24004
19153
24079
21821
19450
21972
21552
19564
21950
19201
22164
22988
19225
22068
25137
18915
21557
19366
23822
21743
19774
21665
21253
19209
22116
19058
21798
21859
19286
21893
22235
19719
21731
19060
23466
22912
19394
21416
21666
19327
22114
18827
21215
21840
19016
21931
22270
19381
21718
19167
23845
21726
19835
21911
22099
18811
21224
18870
22110
23229
19627
21976
21862
19342
22023
19039
23084
22069
19175
23636
22386
18864
21909
19465
22178
21702
19180
21860
22853
19226
22196
19356
25073
21627
19560
21640
21855
19177
22149
19147
21958
22094
19126
21195
21753
19373
21698
19279
23945
23042
19369
22198
20977
19279
21504
19068
23562
21875
19768
22060
22458
19221
21900
19603
23748
22141
19853
20913
21661
19631
21583
19180
22057
21635
19011
21597
21658
19378
22083
19745
25059
22079
19511
21561
21835
19444
21741
18746
21589
21883
19444
21671
22795
19059
21890
18355
23943
22113
19607
21618
21647
19563
21276
19263
23232
21838
19440
21965
21714
19425
21520
19459
23912
21746
19519
21911
21679
19017
21333
19152
21523
21817
19398
21720
23044
19652
21860
19645
25277
21672
18708
21524
21660
19623
21934
19304
24905
21817
19309
20910
21655
19207
21581
19520
23118
22115
19787
21069
21677
19426
23012
19532
23337
22077
19309
21498
22594
19050
21106
18900
23685
21909
19515
21639
21398
19708
22084
19307
21982
21661
19085
21281
21883
19726
22195
19739
25005
21995
19616
21629
21955
19579
21982
19154
21557
21275
19429
21898
22803
18865
22135
18955
23694
22322
19124
21217
21560
18743
21215
18612
22363
22277
19412
21986
21766
19443
21650
19120
23696
22353
19433
21998
21697
19444
21944
18808
21939
21806
19349
22068
23106
19626
21263
18432
25374
21976
19434
22272
22052
19258
21977
19251
21711
22046
19296
21847
21973
19322
21705
19202
24118
25344
23444
21890
22200
19362
21697
19034
22799
21751
19391
23481
22731
19690
20977
18817
23743
21946
19629
21586
21958
19384
21797
19057
22168
21946
19313
21585
21752
18753
22055
19318
25217
21541
19630
20890
21904
19660
22227
21236
21299
21395
19305
21816
22780
19273
22259
19386
23720
21826
18860
21877
21857
19090
22020
19220
22222
20891
19568
21772
21793
19045
22246
19438
23927
21839
19314
21661
22462
19614
21869
19183
22546
22245
19220
22088
22659
19194
21775
18498
24988
21529
18757
24811
21509
19440
21400
19132
21642
22033
19270
21750
21894
19169
21629
18336
24203
20790
19235
21520
22152
19377
20947
19362
23066
21528
18745
22040
23112
19480
22087
19238
25971
22224
19214
21218
21989
19515
22051
19407
21899
21345
19777
21768
22023
19215
21516
19259
25291
22006
19563
21702
21904
19223
21936
19202
21671
22004
19526
21566
22640
19450
22028
19363
23913
21766
19577
21445
21653
19635
21842
18413
22742
21941
19508
21481
21749
19035
21672
18593
24028
21668
19547
21927
21747
19477
21619
19196
21956
21041
19544
21674
22036
19360
21958
19364
25251
21532
19792
21621
21409
19413
21524
20023
21699
21823
19358
21854
21790
19395
21840
19227
24201
21009
19565
22304
21464
19135
22006
19248
23115
21787
19021
21709
22382
19301
21725
19086
23642
21673
19818
21703
22993
19546
21884
19281
21969
21796
19199
21718
21377
18714
21606
18975
25302
22176
18581
22132
21493
19523
21689
18846
21728
22203
18966
21809
24519
19633
21310
19205
23245
21777
19629
21596
Average throughput: 46464.946844 op/s latency: 21.204000 usec
Done!
