Run the test of 10000 requests
30784 blocks in total, max key is 923521
Cache built. 2 layers 32 entries in total.
thread 0 op_count 10000
61693
30963
32528
30850
32671
30688
32393
32609
32624
31018
32638
30944
34649
31207
32237
31077
32419
31100
32617
30849
33660
31073
32678
30728
32034
32285
34453
30994
32356
31228
32627
30758
32463
31697
32984
31018
32331
30556
34724
30723
32365
30744
32647
30690
32370
30971
33368
31040
32093
30751
32274
32677
32777
31041
32259
30697
33250
31203
33461
31293
32465
30854
32568
31424
36575
30940
33508
30927
33411
31134
33338
31817
33719
30746
33289
31256
35343
31806
32992
31272
33438
30980
33759
30973
34068
30870
34551
32722
39895
33152
33058
31510
33152
31611
33575
31000
33490
31976
36774
31907
33313
31316
35252
30884
33524
30711
33472
31024
33924
30811
37340
30761
33125
31270
33516
33335
34624
31041
33454
31293
33863
30841
33819
30697
34327
30879
33028
31271
35312
31508
33407
31138
33529
30826
33153
31695
33450
30668
33431
31239
35306
31396
33439
30760
33148
31298
34519
31516
34686
34450
40863
30962
33294
33223
33238
31311
33324
30868
37358
30963
33390
31591
33229
30687
33505
30901
35358
31504
33658
31817
33277
31333
33831
30839
34247
30911
34914
31406
33410
33222
33432
30880
33639
31052
33524
31219
34044
31357
33789
31071
33271
31083
35328
30787
32806
30854
33564
31248
33567
31925
33289
31351
33358
31205
35357
31414
35217
31093
33327
31097
33666
30661
34047
31028
33709
30622
33508
32911
33488
30931
33892
30810
32968
31082
33309
31697
33275
31416
33432
31136
35060
30556
33305
31048
33614
30461
34761
31208
34086
31114
33390
30698
33470
32354
33320
31253
33652
31221
33275
30556
33660
31083
33620
31112
33886
31092
35712
30976
33612
31203
33346
31016
33361
34955
33741
31268
34242
30894
35184
31068
33257
30779
33708
31064
33701
30694
34456
31651
33441
30784
33675
33033
33471
31384
33538
30677
33208
31030
33375
31729
33532
31494
33912
31061
35370
31132
34808
31301
33590
31221
33452
30997
34318
31037
33356
31007
33376
32953
33466
31132
33789
31088
33424
31257
36691
31142
33812
30726
33042
31011
34959
30768
34186
31068
33366
31096
34752
31904
33102
31115
33327
31726
35310
31455
33424
31213
32981
31628
33731
30582
36520
31364
34228
31626
33699
32909
33595
30790
33664
31036
33372
31014
33491
32503
33405
31260
34881
31042
35193
30942
33575
31051
33362
30609
33280
30928
34143
30802
33565
31247
33613
32377
33440
30863
33524
30899
33298
31035
34384
31186
33929
31402
33458
30170
18446744072709586868
31038
34638
31225
33485
31223
33268
31574
34152
31080
33519
31745
35185
30858
33663
30915
33479
30509
33459
31209
34072
31262
33468
31150
33346
32787
33305
30982
33455
31294
33616
30528
34854
31972
33594
31115
33404
30821
35120
30978
33374
30852
33215
31135
33383
31076
34640
30794
36305
34766
33709
32726
33430
31186
33443
31345
33358
30685
34085
30946
33732
30494
34529
31078
35058
31152
33611
31099
33193
31420
33564
31917
33408
31078
33897
30950
34935
30715
36442
31285
36770
31360
33621
30945
34249
31007
33538
31214
33310
33116
33296
30622
34933
30712
33818
30972
33422
31735
33478
30726
33303
30386
34913
30936
33494
31139
33558
31262
33093
31499
33909
31025
33155
30967
33455
33114
33692
30857
33377
31056
33370
30681
35329
30974
33729
31024
33644
31198
35477
31054
33592
31260
33469
31201
33785
33329
33492
30751
33767
31044
35089
31343
33458
31279
33230
30944
33311
31080
34073
31212
33406
31200
34774
32775
32935
30895
33567
31225
33456
31136
33359
31870
33841
30996
33311
30484
34787
31318
33513
30956
33385
30706
33479
31145
34149
31100
33485
31075
33510
33368
33078
31462
34883
31128
33347
30904
34169
31138
33823
30622
33446
31201
35167
31013
33466
30981
33336
31204
33462
33808
34168
31023
33317
30965
35254
30800
33618
31099
33280
31300
33386
31345
35485
31179
33850
30911
33115
32291
33342
30614
33441
30892
33638
31031
33582
31794
33978
30962
33520
31322
34885
30852
33492
31046
33871
31389
33202
30892
34761
30706
33953
30845
34944
32852
33286
31397
33335
30560
33287
31212
34129
31059
33721
30909
33432
30894
34986
31116
33348
31048
33234
31449
33414
31821
33280
30803
33796
30801
34833
31356
33268
30633
34666
30516
36213
31014
34432
30630
33627
30881
39718
32667
33197
31025
33567
31017
33600
31462
33521
32509
33482
31244
33631
31614
35367
31013
33012
30845
32902
31593
35013
30861
37792
31300
33815
30954
33509
32567
33373
30726
33285
31036
33541
31254
34507
30976
33545
31072
33527
30991
36059
31188
34208
30673
33594
31176
33719
31582
33599
31433
39291
35105
35240
31099
33425
31525
32992
31588
33736
30974
36497
31085
33904
31322
33381
32783
33396
30976
33660
31125
33349
31364
33367
31911
33725
31099
33480
31134
35334
31515
34661
30885
33769
31094
33386
31282
34501
31079
33425
31099
33410
32755
33537
30995
33786
31006
33594
30967
33941
31489
33860
31070
33394
31358
35557
31048
33359
31055
33442
31053
34761
32179
33289
30948
33560
30846
35256
31456
33466
30836
33673
30814
33435
31137
34403
31566
33631
31063
33453
32919
33462
31108
33258
31240
33622
30773
33714
31906
33791
30934
34289
31031
35292
30845
33695
31530
33054
31181
37171
31447
34201
31354
33558
31088
33594
33048
33701
30971
33367
31244
33651
34195
35370
31165
33475
31115
33539
30948
35094
31019
34876
30804
33110
31238
33952
32341
33859
31293
33467
30707
35185
31371
33678
30734
33075
31163
33576
31181
34490
30780
33760
30896
33433
33247
33855
31113
33367
30808
33446
30776
34678
31647
33382
30727
33453
31234
35560
30862
33500
31103
33624
30816
33566
30881
34458
31282
33576
31343
33490
33051
33569
30746
33085
31063
33466
31407
34536
30869
33652
31367
34465
31675
35705
31187
33575
31121
33533
31050
33626
31763
33397
31333
39977
30957
34882
30742
33691
30991
33662
31550
33306
31357
34684
31295
33617
30858
33765
33213
33494
31031
34624
30931
33474
30906
33586
34125
33519
31099
33388
31172
35150
31055
33197
30906
37861
31433
33942
30879
34568
30909
33664
31190
36673
33316
33474
30967
33531
31105
33550
31141
36047
30946
33415
30972
33615
31050
35719
31097
33553
31014
33399
31100
33494
32062
33470
31172
33272
31090
35478
31388
33507
31089
33698
30612
33670
31200
34504
31228
33509
31151
34937
32789
33320
31024
33372
30610
33820
31039
33452
31754
33202
31469
38437
35840
36067
30943
33622
30543
33662
31514
33522
30651
34638
31238
33408
31244
33365
32735
33085
30925
34762
31030
33441
30883
34352
31418
33589
31086
34577
30985
35470
31113
33256
30248
33361
31078
33747
31792
33312
31367
33208
31051
35334
31334
33671
30940
33025
30717
33997
31358
35658
30989
33432
31376
33272
32570
33164
31022
33464
30948
33481
30916
33210
36302
33359
31084
33603
31108
35568
31236
37605
31075
33448
33077
34164
31258
34561
31162
33542
31173
34603
33555
33478
31284
33538
30989
33671
30824
33877
31170
33755
30957
33623
31331
35534
30660
32988
31097
33353
31319
33388
31945
33453
31212
33724
31015
35043
31392
33506
30812
34608
31054
33328
30972
34519
31115
33561
31082
33633
33132
33501
31282
33314
30956
33451
31712
33691
31735
33425
31179
33457
31075
35189
30969
33321
31006
33124
31230
65408
30611
38029
31254
33512
30983
33453
32676
33250
30634
33592
31177
33660
31215
34399
30964
33491
30983
33588
31256
35226
31004
33080
30998
33562
30981
33552
31874
33335
31174
33276
31356
36319
30737
33563
35328
33329
31068
33328
31175
34105
30971
33610
31070
33711
32766
33386
31190
33375
31324
33330
31010
33558
32132
33576
31137
36403
31215
39717
31194
33608
30972
34701
31389
33581
31700
34142
31204
33342
31379
33263
32778
32975
31068
33348
31255
33799
31298
34334
31109
33367
31165
33494
30851
35321
31409
33400
30892
33613
30749
32913
31580
34852
31357
33225
30831
35242
30961
33435
30845
33319
31147
33447
30976
34254
31016
33134
31413
33053
32906
33490
31122
33553
30673
33749
31486
33056
31885
33276
30896
33519
30991
36528
31369
33303
31357
33344
31320
33237
30715
34269
31115
33775
30900
33339
32636
32894
30975
33639
31125
33402
31160
34158
30694
33484
35303
37300
31069
35536
30985
32937
31121
34952
30934
33708
31372
33633
30803
33307
31386
35180
31054
33299
31136
33371
31125
33584
30967
33803
31145
33906
31119
33475
33004
33338
31202
33497
32460
33632
31029
33150
31915
34522
31572
38061
31249
35559
31277
33377
31246
33667
31156
33380
31095
34204
31126
33341
31349
33428
33260
33849
30849
33506
31039
33658
30968
36056
31547
35134
31067
35147
31416
34881
31117
32875
31505
33825
31272
33051
32315
33339
31143
33475
31287
35237
31507
33859
31256
33096
31065
33376
31163
33584
30751
33656
31470
33474
32871
33397
31540
35131
30743
33045
31344
33435
31880
33438
31259
33649
30948
35433
30825
33385
30803
33566
31212
33348
30863
34328
30945
33637
31189
32604
32950
33246
31157
33813
31014
33245
30704
35279
30770
33518
30690
33376
30959
35567
31113
33622
31100
33584
31218
33879
31424
33071
31378
33499
31211
35282
31491
33442
31247
33326
30791
33208
31209
34053
30975
36678
31121
35301
33349
33643
31420
33571
31077
33461
31227
37721
31885
34094
31154
32856
30920
34902
30913
33465
31656
33395
30420
33347
31292
34447
31758
33827
31107
33238
33193
33919
30880
34821
30978
32947
31336
34160
31143
33928
30701
33397
31355
35287
30941
33816
31397
33451
30933
33548
32767
33371
31319
33476
31176
35226
31064
33011
31104
33299
31191
33332
31003
35758
31304
33535
31162
33066
32721
33231
30989
33420
30986
33021
31102
33404
32048
34072
31128
33505
30720
35443
31116
33641
31006
32999
31317
33620
30952
33987
30980
33428
30844
34448
32919
33259
31262
33592
31155
33362
30778
34237
31569
33648
31074
33732
31019
35526
31263
33585
30975
33470
30977
33345
34359
33435
31145
33811
30973
34912
30956
33004
31087
36092
30958
33489
31023
34422
31048
33540
32305
41795
33164
33065
31168
33458
31092
38192
31307
33379
32107
33387
31370
33516
31716
35331
30951
33096
31129
33481
30900
33616
31026
35322
31319
33436
31238
33263
32892
33294
30691
33589
31028
33394
30945
34984
34113
33626
31024
33531
31036
35464
31493
33454
31066
33371
31148
33405
32166
33465
31200
33323
30885
36691
31201
33503
31194
32859
31034
33465
31168
34374
31070
33580
31058
33138
33203
33412
30935
33249
30945
33309
31110
33417
31950
33306
31202
33537
31314
35360
31340
33208
30992
34497
31367
33583
31199
34574
30919
33290
31153
33279
32514
33515
31010
33409
31191
33334
31125
34180
31011
33923
30966
33256
31039
35327
30823
33743
31063
33400
31217
33801
31757
38529
33941
33452
30956
35257
31452
33630
31121
33072
31463
33426
30910
34495
31306
33538
30875
33389
32744
33305
31508
38135
31450
33475
31190
33837
31675
33456
31077
32980
31109
36608
30931
33385
31108
33411
31080
33446
31092
34348
30809
33689
30900
33399
33202
33435
31183
33849
31164
33475
30814
34077
30859
32581
31002
33498
31270
35001
30852
33417
31229
34946
31267
33487
31692
33636
31261
33379
31170
35326
31592
33328
30558
33442
31222
33441
31283
36687
31068
33475
31742
33398
32828
33216
31135
33223
31093
33478
30318
33239
31732
34658
31344
33668
31239
35402
31130
33607
30728
33362
30630
33304
31273
33988
31260
33485
31142
33412
33402
33357
31271
33847
31017
33341
30842
33661
31132
33465
31335
33620
30565
37127
31533
35189
31117
33279
31040
33652
32038
33604
31048
33419
31595
35320
31498
33545
30618
33324
31178
33380
31258
34187
31278
33371
31205
33292
33143
38054
31244
33683
31080
34813
31277
33235
32056
33613
30700
33534
31033
34882
31094
33028
31140
33548
31105
33585
31245
34067
31109
33375
31543
34982
36117
33665
30988
33814
30995
33369
30902
34193
31335
34759
30950
33251
31294
35252
31291
33669
31040
33400
31263
33607
36473
34173
31152
33434
31127
35392
31410
33504
30827
33194
30939
33285
30686
34375
31067
33866
31258
33518
33043
34638
30885
33501
30804
33350
31137
33392
31999
33605
31134
33710
31266
35343
31190
33442
31007
33127
31106
33407
31006
33153
30813
33700
31000
33601
33100
33779
30885
33703
30892
34578
31270
34183
33675
33773
30624
33799
30705
35530
31285
33552
31066
33441
31333
33230
31713
33942
31109
33729
31022
35255
31472
33413
30696
33526
30992
33473
31600
34350
31142
34791
31091
37606
33130
33056
30687
33569
31137
33768
30928
33502
33325
33683
30808
33456
30922
35175
30905
33162
30972
32998
30892
33755
31069
34204
31071
33536
31042
33455
33380
34368
31011
33836
31306
33728
30682
34093
31010
33592
31015
33265
31369
35588
30611
33292
30955
33276
31100
33393
31907
33903
31084
33545
30852
35220
31429
33361
31320
33422
31081
34650
30936
34169
31103
33367
31233
33860
33005
33334
31168
33467
31283
33461
31071
32842
31407
33277
31139
33459
31075
35398
32354
34386
30832
33230
31116
33515
31304
35719
31076
33735
30999
33410
33168
36499
31603
33575
31065
33697
31096
34090
31116
33396
31315
34271
31160
35467
31370
33452
31092
33481
31247
33690
31725
33904
30816
33642
31044
36289
31202
34066
31125
33325
30768
33578
31007
38388
31191
33546
30874
33348
32545
33446
31051
33318
31196
34073
30650
33560
31685
33426
31104
32970
31143
35733
30989
33335
31235
35017
31092
33392
31027
34518
31138
33504
30996
33679
32910
33294
31010
33408
31186
33549
31029
34059
31202
33904
31025
33352
30952
35120
31009
33628
31176
33175
31425
33475
32012
34679
30847
33223
31109
40734
39643
33582
31087
33799
30987
33327
30724
33739
31088
33519
30896
33384
32862
33650
31348
33511
31134
33210
30982
33820
31761
33783
31022
33397
31129
37035
31024
33535
31068
33336
30965
33358
33745
36991
31059
33466
31162
33620
33141
33557
31003
33495
31135
33433
31099
34485
31736
33789
31075
33463
31119
36182
34703
33350
31007
34746
30919
33480
31924
33753
31059
33324
31097
35230
31551
33532
31068
33357
30731
37476
31201
34623
31055
33456
31678
33453
32945
33575
31737
33590
31254
33760
31207
33527
31738
34707
31449
33350
31269
35161
30877
33625
30964
33553
31187
33565
30660
34474
31169
33393
31004
33556
32956
33872
31003
33406
31722
33763
31083
34190
31058
33949
31319
33452
31540
36457
31346
33479
30315
33508
30994
33162
31758
33565
31251
33309
31302
35260
31575
33539
31052
33497
30751
33259
30606
34465
31075
33933
31322
33180
33080
33468
31079
34006
31035
34839
31215
33428
31307
33314
31168
33265
31133
37953
31230
33533
31000
33411
31002
33650
31410
34285
31139
33507
30893
33107
32686
33846
31184
33714
30690
33317
31093
33994
31193
34756
31277
33463
31334
35273
31558
33261
31216
33622
31114
33425
31827
33851
31104
33135
31035
35234
30964
33367
31367
37876
31077
33375
31158
34668
31065
33621
31528
33445
32954
34721
31439
33661
31266
33551
31141
34131
31317
33373
30735
33903
30842
35484
30828
33528
31182
33608
31199
33510
31246
34464
31187
33469
31618
33650
32946
33436
31288
33411
31097
34871
31336
36129
31126
33495
30774
33449
31090
34986
30990
33515
31256
33394
31166
33360
31613
33600
30874
33515
31118
35254
30984
33239
31187
33454
31286
33412
31082
34354
31250
34648
31032
33498
32719
33554
31269
33952
31019
33632
30728
36660
32145
33418
31244
33011
31624
36143
34929
33647
30983
33406
31001
33355
30968
34605
31118
33051
30533
33549
32908
34633
31052
33278
31330
33505
31098
33753
31716
33526
31082
33490
31124
35261
31013
33334
31303
33234
30760
33485
31648
33325
30919
33336
31111
35307
31318
37826
31116
33334
31035
34873
30841
34220
31218
33762
30924
33393
32914
33360
31107
33454
31154
33434
30255
33005
31590
33541
31372
33393
31284
35286
30453
33468
30806
33612
31102
33538
30667
34421
30507
34749
31043
33579
33137
33571
30837
33261
31069
33507
31243
34178
31064
33477
31053
33431
31137
35501
30816
33897
30611
33499
31177
33454
31803
33083
30830
33562
31092
35083
31799
34581
31115
33527
30777
33709
31047
34223
31692
34049
31317
33213
34503
34128
31057
33571
31069
33406
31045
33569
31891
33246
31396
33521
31353
35445
30648
33664
31088
33401
31630
34931
30660
34010
31084
33529
31172
33723
32388
33510
31142
33832
30986
33423
30787
34400
31374
33677
31605
33126
30830
35147
31186
33342
31120
33465
31209
33505
33825
33538
31023
34661
31498
39771
31277
33831
30838
33448
30484
33225
31407
33838
31026
33090
31053
33586
33161
33613
30693
33354
31191
33915
31094
33446
31631
33523
31176
33583
30968
35734
31170
34881
31130
33417
31135
33183
30944
34223
30681
33823
31308
33612
32965
33715
31233
33354
31007
33486
30981
34331
31352
33581
31698
33671
31156
35270
31433
33410
30712
33477
31230
34643
31840
33622
31094
33664
30634
35096
31537
33089
30730
33323
31282
35417
31305
34332
30978
33391
30828
33477
32551
33759
30994
33274
31098
33101
31468
33881
35800
33392
31333
34415
31143
35008
30867
33386
30964
33461
31193
33451
31051
34427
31170
33043
31082
33721
32888
33776
31104
33617
31192
33065
31183
38696
31159
33704
30887
33354
31358
35938
38275
39315
30874
33296
31172
33515
31788
33570
31361
38032
31100
35089
31283
33420
31382
33517
30971
34720
30837
34133
31396
33550
31687
33573
32885
33418
31574
33601
31128
34774
30902
33514
31712
33268
31077
33668
31084
35303
31373
33595
31056
33650
31162
33481
30925
33935
31537
33864
31127
33270
33122
33148
31090
33401
31077
33260
30711
34813
31119
35068
31414
33591
31014
35355
31088
33821
31116
33306
31075
33495
31923
33671
31179
33389
34081
35418
31035
33270
31337
33473
31293
33933
30774
36336
30973
33598
31037
33544
33196
34648
30938
33506
30916
33598
30977
33455
31440
33253
30461
33791
31051
35217
30905
33462
31267
33463
31238
33062
31347
34227
31374
33739
30995
33418
32404
33025
31138
33480
31101
34252
30978
34281
31134
32510
30956
33597
30999
35172
31347
33551
31077
33436
31268
37839
31806
33504
31725
33776
31069
35135
31479
33646
31166
33500
31879
33332
30743
34481
31097
34610
31022
33493
32658
33432
31369
33492
31038
33599
31018
33385
32005
33794
31533
32930
31342
35626
31001
33183
30996
33583
30816
33958
31520
34258
31730
33718
31169
33461
32853
34913
31236
33697
31018
33459
31033
33723
31095
33237
30728
33453
30564
35517
31191
33515
31138
36402
31033
33439
31899
33245
30643
33520
31106
35326
31536
33515
31152
33355
31290
34740
31083
34748
31209
33965
31190
33317
32983
33381
31265
33908
31130
33417
30768
33346
31662
33159
30907
33551
31131
35179
31638
33633
30977
33371
30900
33396
30984
34611
31030
35073
31397
33324
32954
32632
31211
33707
31373
33577
31068
34145
31464
33514
31005
32952
31071
35465
31386
33497
31062
36445
31085
33347
31687
33429
31493
33116
30906
35217
31596
34682
31332
33822
31011
33325
30882
33938
31078
34149
31037
33446
32906
34689
38203
37871
31065
33713
31124
33414
33932
33039
31016
33563
30595
35356
30989
33517
31054
33687
31386
34714
31158
34226
31223
33737
31081
33312
32628
33459
30603
33908
31091
33410
30929
34106
35619
33615
34433
33447
30638
35314
30989
33454
31029
33319
31650
33446
31811
33635
31197
34669
31014
35259
30995
33402
31129
33528
31128
33428
31520
34660
31456
33699
31620
33536
32868
32968
31052
33560
31135
33434
30838
33241
32142
33552
31096
33506
31037
35024
30531
34686
31216
33500
30874
33459
31289
34248
30918
33678
31335
33286
32470
33366
31067
33892
31351
33298
31000
33795
31221
33397
31285
33915
31000
35264
31234
35515
31031
33342
31041
34751
31725
33863
30945
33407
31055
35422
30991
33244
31106
33330
31352
33454
31260
34186
30617
34092
31238
33387
32853
33260
31040
33334
31319
33533
31345
33215
31898
33097
30693
34892
31030
35088
31368
33526
31121
33458
31258
33420
31087
35003
31072
33521
31222
33540
33110
33581
31301
33459
33373
33770
30683
34219
31399
33647
31218
33507
31204
35517
31290
34953
30585
33741
31103
33341
31865
33456
31205
33480
30972
35275
30950
33685
31452
33589
31013
33574
31242
34030
31165
33049
31101
33486
33393
33823
30917
33829
31479
33147
31590
34450
31771
33592
31484
33642
31120
34941
31141
33085
30844
33749
31096
33300
31732
36866
31379
34032
30701
36261
32751
33368
30909
33662
31251
33602
31063
34168
31192
33748
30822
35347
31029
37646
31097
33561
31017
32990
30995
33511
31855
33422
31172
33553
31139
34992
31127
33309
31280
33889
30887
33400
31109
34312
31227
33435
31009
33514
32647
33525
31049
34825
31427
33375
31236
33460
31738
33780
31042
33570
30648
35186
30931
33767
30846
33331
30631
33639
31251
34058
30935
36761
31396
33373
32878
33265
37814
37066
31096
33590
31357
35094
31023
33551
31198
33601
30683
35166
31005
33335
30828
33230
30964
33249
31737
33297
31134
33482
31577
35551
31315
33513
31104
33354
30877
33079
31185
34511
31058
33806
31461
34116
33147
33273
31083
33437
31650
33595
31149
33518
31846
33151
31475
33340
30516
35256
30849
33568
31115
33499
30716
33288
31065
35237
30872
33494
31170
34159
32824
33496
31537
35298
31068
33058
30894
33955
31018
33333
31063
35756
31139
35690
31064
33559
31085
33781
31299
33309
31388
33426
31264
33385
31051
35173
31284
33662
31458
33268
31062
33166
31084
36066
30872
33433
30449
33538
33050
33451
31173
33413
31294
32993
30599
33582
31215
33500
30928
33453
31631
35465
31454
33482
33268
33830
30991
33516
31032
34605
31376
33338
31178
34393
32877
34035
31046
33586
31066
33409
31052
36323
30729
34876
31020
33134
30948
35280
31036
33374
30854
33463
30985
33442
31963
33438
31060
33460
30966
35263
31121
34900
31073
33614
31066
33018
30976
35220
30863
33611
30645
33577
32635
33583
31309
33242
30777
33338
31044
33554
31566
33638
31096
33600
31321
35414
31000
33771
31142
32996
31025
34636
30914
34014
31287
33551
31066
33456
33482
33405
31266
33742
31042
33687
31511
40889
31519
33910
31528
33551
31096
35093
31004
33513
31184
33318
30650
33514
31876
33859
31177
34714
31024
35067
31070
33439
31080
33339
31166
33665
31099
34085
31230
34080
31050
33415
33332
33033
31118
33464
31263
33372
30889
33683
32080
35493
31357
33408
31120
35372
30705
34405
31059
33538
31052
33659
31075
34544
31343
33515
30792
33282
33196
33399
30826
33033
31226
33357
30822
34238
31617
33574
31211
33419
31144
35009
30746
33449
31066
33314
30843
34477
32612
33448
31126
33466
31001
34935
30942
33242
33880
38778
30963
33402
31231
33973
31218
33394
31037
33479
33453
33446
30814
33344
31037
33429
31485
34185
31851
33483
31096
34652
31027
35213
31119
33494
30981
33183
31088
33573
30679
34377
31243
33688
30682
33245
32810
33416
30949
33363
31041
35875
30789
34156
31234
33807
31155
33507
31125
35211
31057
34237
31227
33239
31155
33512
33986
33573
31236
33233
30911
35468
31257
33796
30895
33670
31192
33713
31356
34273
31237
33778
31290
33454
32805
33360
31236
34112
30679
33574
30822
34469
31510
33225
30897
33380
30717
35309
30910
33504
31119
33548
30707
33434
31026
34286
31291
33515
31031
33775
33132
33595
31238
33433
30968
33511
30986
34173
31078
33452
30975
34947
31558
35130
31081
33443
30803
33332
31037
33316
31645
33835
31089
33350
31232
35218
31221
39820
30710
33451
31346
33589
31318
34091
31009
33398
31195
33602
32924
33311
31163
34861
31082
33465
30995
33374
31954
33577
31113
33127
31103
34962
31111
33156
31307
33320
37398
33612
31537
34037
31108
33340
30972
33360
32592
33459
30617
35763
30912
32974
31114
35255
31088
33376
31097
33526
31178
35362
31172
33732
31104
33390
30913
33421
32116
33540
31176
32998
31074
35179
31290
33617
31035
33783
31259
33146
30883
34483
33027
33725
30687
34617
32809
33375
31070
33309
31293
33880
31050
33363
31813
33661
31068
32965
30989
34863
31177
33247
30923
33091
31335
33575
31616
34481
30780
33698
30959
32945
32843
33380
30692
34668
31155
33509
31028
33720
31185
33474
30820
33713
31145
35223
62906
33895
30953
33265
31038
33457
32052
33491
31059
33647
31162
35300
31584
32921
30808
33702
30950
33466
30796
37554
31052
33215
31376
33376
33532
33403
31091
33289
30998
33645
30977
33598
31668
33956
31168
33461
30817
34896
31182
33313
38806
36613
31060
33512
31080
34541
31433
33532
30875
34512
32789
35837
31113
33395
31128
33302
31729
34487
31148
33771
30691
33423
31168
35029
31096
33515
30761
33487
30905
33559
31879
33500
31110
33748
31064
35337
33413
33879
31184
34792
31247
33572
31332
34169
31081
33474
30938
33449
33403
33587
31308
33013
31697
33579
31222
33484
31886
33428
31129
33792
30989
35312
31356
33802
30921
33459
30672
33673
30958
35057
31474
33242
31424
33358
32834
33361
30824
33440
31196
33152
30897
34284
31231
33888
31081
33583
31507
35399
30755
33357
30836
33063
31205
33870
31825
33786
31058
33314
30907
36542
31519
33468
31327
33368
30553
33550
31142
34175
30718
33479
31066
33309
32904
33150
31186
33288
30699
33432
30986
33695
31957
33176
31143
33380
31419
35445
31297
33453
30870
34367
31063
33626
31293
34331
30820
33583
31139
35330
32554
33576
31054
33446
30914
33629
31048
34625
31077
33632
30922
34001
31331
34806
31174
33337
30998
33575
31374
35201
32354
35039
31616
33443
31209
35467
31305
33252
31525
33500
30434
33439
31173
34287
31160
33492
31095
33338
33202
33552
31271
33392
31184
33900
31079
33030
34245
33732
32314
39210
31767
36864
31416
33247
30633
33325
31195
33258
30938
34446
31411
33348
30821
33568
33105
33533
30795
33683
30997
33653
31036
34410
31136
33400
31117
33528
31411
35570
30967
33507
31314
34067
30686
33539
31983
33635
31549
33660
30873
35237
31134
33368
31087
33701
31161
33531
31044
34257
31159
33734
31062
33558
33325
33591
31064
33411
30798
33472
31189
33157
31692
34730
31105
33488
31222
35430
32174
34303
31003
33596
31114
33371
30700
36214
31116
33380
31197
33248
32632
33545
30929
33323
31100
33719
30999
33744
30569
33711
31035
35477
31363
35882
31120
33469
40131
37173
30910
32927
31790
33767
31104
33300
31268
35289
31559
33397
31280
33353
31269
33246
31173
34440
31259
33489
31120
33390
32948
33437
31379
34892
30676
33370
31283
33542
31939
33562
31027
32950
31124
35143
31256
33876
31001
33552
31147
32831
31195
34367
31080
33477
30663
33239
32514
34154
31266
33605
31091
33490
30977
35195
31751
33651
31059
33112
31004
35252
30784
33320
31372
33223
30992
33453
31724
33662
31233
33002
31089
35372
31302
33655
31117
33472
30975
33402
31059
34355
30930
33671
30941
34541
32967
33483
31511
33518
31321
33393
30709
33462
32266
33365
36297
33451
31265
35321
31398
33865
30971
33523
31589
35963
31555
36256
31401
33917
30822
33719
32807
33431
31327
34629
31028
35401
31007
34409
31120
33661
30791
33469
30900
35240
31229
33458
31255
33412
31247
33013
31929
33704
31371
33280
30782
35388
31139
33387
30788
33603
30696
33670
31324
39545
31236
33434
30989
33421
33435
33766
31392
32834
31690
33487
31217
33537
31865
33416
31223
33818
31019
35340
30525
33596
31069
33294
31396
33323
31251
34093
31519
33358
31220
34626
33449
33363
31220
33527
31227
33391
30964
33700
31255
33517
31135
33384
31143
35309
31033
33036
30704
33312
30667
33425
31965
33541
30881
33447
31318
35242
31018
33419
31163
34535
30906
33207
31320
34713
30773
33463
31162
33408
33030
33911
31315
33399
31181
33308
31364
33269
31828
33718
31121
33459
31087
35401
30710
33570
30817
35700
30697
33850
31113
35395
31100
33836
30866
35646
33037
33578
31267
33557
31069
33367
30969
34134
31466
33662
30612
33459
30990
35477
31084
33515
31103
33355
31584
33480
31650
33473
31465
33195
31405
36407
32010
33301
31325
33469
31007
33595
31181
34529
31154
34001
30980
33514
32656
33447
31069
33345
32283
37913
30915
33611
31805
33458
30793
33655
31268
35109
31053
33861
30966
34586
30611
33545
31075
34085
31376
33566
31006
33677
32596
33234
31095
33360
30981
33834
30582
36195
31201
33410
31176
33645
31050
35515
30685
33555
31034
33500
31059
33339
31543
34772
31131
33418
31514
35197
31359
33825
31103
33394
30875
33441
31050
34540
31062
33719
31030
33131
33346
33657
30697
33624
31074
33446
31194
33421
31838
33798
31027
33451
31094
36905
30692
36429
31005
33570
33479
34355
31363
34360
31127
33373
31167
33683
32911
33621
31212
33602
30933
33136
31110
33959
30654
33173
31257
33472
31178
34968
31280
33624
30994
35176
31016
33275
31913
33736
31173
33996
31104
35380
31412
33323
30759
33341
31100
33376
30790
34205
31072
33509
31113
33492
33419
33048
31445
32845
30532
33519
30862
33579
31902
34751
31376
33420
30929
34898
30827
33662
31629
33424
31251
33501
30953
34182
31337
33397
31357
33296
32739
33069
30997
33344
30562
33106
31357
34224
31094
33413
31381
32642
30591
36515
31106
33365
31120
33012
31027
33458
31876
33054
31074
33536
31137
35523
31564
33417
31408
33295
31077
33024
31111
33821
30863
33706
31026
33310
32958
33745
31083
33550
31212
34618
31037
33372
32402
33598
31275
35639
31928
37659
31087
33774
31086
33259
31028
33634
31315
34555
30984
33671
31268
33372
32865
33439
31246
33759
31121
33371
31621
34458
31072
34535
31514
33403
31299
35531
31129
33588
31116
33487
31038
33529
34045
33557
31086
33592
31076
35280
31483
33510
31119
33811
30871
33501
31070
34369
31052
33563
30734
33221
32908
34674
31080
33587
30729
33373
31014
33293
31909
33855
31137
33379
31162
35668
31085
33904
31129
33643
31207
33315
31199
34644
31137
33501
31108
33393
33002
33409
31271
33413
31216
41074
33463
34276
31224
33035
31240
33626
30328
35155
31268
33410
31132
33436
30806
33725
32415
33485
31451
33626
30597
34848
31070
33411
31349
33354
31153
33622
30308
34437
30806
34947
31016
33519
32562
33539
31390
36352
33073
34404
31306
33358
31783
33492
31063
35766
31086
35207
31022
33774
31293
33519
31199
33720
31195
34075
30656
33824
31037
33365
33184
34137
30897
33292
31645
33551
31250
34243
31151
33531
31475
33548
31514
35334
31238
33358
31396
33608
31168
33522
31375
33184
30838
33621
30545
35514
31299
33664
31073
33712
30973
35014
31074
34194
31104
33451
31297
33194
32905
34059
31284
33440
31140
33357
31224
33491
31720
33660
31021
33440
31250
35499
31133
33471
31016
33316
31086
33126
30999
35560
31247
33372
31286
33326
32892
33531
31521
33635
31145
33500
30937
34330
31091
33556
31219
33501
31165
34916
31139
33287
30648
33463
31279
33521
31940
33156
31413
33237
31313
36344
31408
33524
31086
33390
31147
33383
30847
36442
31480
33395
33426
33517
32902
33335
31055
33486
30969
32983
31029
36178
31968
33327
31312
33466
31228
35625
31045
33548
31222
34699
30793
33578
30989
34647
31050
33071
31149
33472
33397
34131
30724
33229
30765
33268
31125
34391
31249
33726
31251
33555
31082
35299
31098
33319
31206
33444
31316
33314
31960
35061
31206
33341
31010
35470
31112
33489
30885
33412
31142
33412
31361
34597
31045
33541
31074
33474
33066
33356
31217
32872
31041
33461
31259
33539
31754
33363
30892
33437
31645
36796
31393
33435
31255
33395
31273
33414
30797
34665
31240
33570
31049
33567
33158
33599
30939
33610
30890
33406
31135
34642
31751
33722
31188
33488
31139
35481
31208
33511
31173
34623
30974
33605
31777
33833
31082
33411
30739
35220
31546
33347
31333
36034
30650
33633
35815
34777
30970
33345
31121
33316
33097
33713
31306
33376
31286
35465
31240
33524
31439
34599
31211
33053
31009
35711
31308
33453
30862
33433
31281
33533
30963
34251
31161
33330
30790
33382
32871
33240
31079
33564
31007
33493
31078
34024
31081
33709
30966
33537
31174
36433
31479
32992
31059
33446
31067
33425
32139
33836
31384
33360
31116
35272
31023
33453
31049
33419
31248
33421
31253
34266
31369
33481
30971
33493
32957
33812
31180
33535
30725
34946
31087
33443
34308
33837
31440
33495
31297
35528
31276
33528
31185
33393
31165
33457
32004
34636
30789
33112
31244
33725
32848
33595
31470
33436
30724
33862
31186
38577
31429
35099
31388
33144
31457
35180
30744
33268
31023
33373
31149
33549
32279
33613
33779
33961
31080
35257
30799
33246
30876
33790
31117
33477
30740
34604
30993
33610
30973
33379
33078
34628
30788
35512
30825
33258
31339
33449
31780
33515
31051
33907
31006
35481
31164
33813
30903
33557
31735
33499
31189
34726
31003
33483
31268
33340
32960
32916
31075
33304
31253
34679
31461
34285
31184
33861
30985
34448
32679
36097
31226
33489
30661
33463
30927
33471
32337
33406
31164
33385
31120
35146
30988
33340
31271
33622
31033
33457
31227
33331
31116
34675
31143
33326
32517
33855
30753
33220
31335
33293
31282
33893
31791
33996
30774
33499
30914
35423
31202
33082
31553
33487
31083
33809
31195
34536
31356
33497
31081
33419
32803
34820
30680
33354
31155
33593
31033
33706
31414
33527
31320
33281
31037
35232
30933
35573
32012
33841
31040
34261
31964
32972
31428
33396
31161
35075
31159
33330
31141
33068
30831
34817
31333
34472
37458
33389
31076
33311
33491
35612
31087
33545
31169
33413
31231
33396
32306
33376
31092
33090
31406
35786
30953
33565
31324
33405
31088
37454
35664
36700
31611
34706
31402
33446
33251
33429
31331
33421
30973
33472
30924
34340
31165
33965
30924
33090
31145
35515
31189
33463
31129
33469
30976
33659
31787
33926
31019
33386
31046
35443
31027
34650
31180
32992
31517
33532
31261
33867
31353
33391
30938
33611
32922
33274
31374
33536
31157
33341
31196
33885
31761
33364
31134
33296
31387
34787
30970
33561
31270
33388
30997
34383
30754
34562
31013
33207
31132
33285
33038
33353
31083
33318
31070
33566
30783
34227
31337
33894
30925
33406
30782
35453
31284
33372
31361
33483
30892
33541
32174
33637
31039
34274
31262
35411
31283
33342
31251
33336
30857
33666
30851
34191
30604
33705
31364
35515
32799
33243
31299
33336
31306
33417
31258
33348
31604
33908
30624
34133
30961
35424
31410
34324
31076
33879
31364
33218
30887
33224
30972
33011
31230
33894
32970
33452
31195
33269
30552
33424
31391
34179
31089
33538
31383
33359
30969
35498
31391
33589
31075
33519
31325
34698
64137
33447
31024
33287
30699
35414
30990
33348
30942
33393
31293
33510
31186
34056
30839
33664
30507
33065
33056
33725
30911
33681
31156
33457
31003
33401
32047
33427
31302
35098
30592
35235
31263
33450
31064
33632
30774
33846
31037
34380
31016
33910
30924
33269
32881
34814
31143
33025
31577
33583
30983
35661
31124
34820
31047
33309
30932
36915
31382
33288
31062
33048
30881
33239
31897
33137
30916
33485
31024
35295
31181
33586
31070
33560
30982
33572
31026
36640
31070
33358
31192
33269
33196
33824
31168
33367
31258
34555
30991
33343
31992
33612
31676
33408
30893
35283
30937
33316
30820
33333
31132
33414
31272
34332
31033
33441
31097
33523
32882
33467
31070
33891
30876
33450
30888
35308
30931
35000
31178
33708
31111
35216
30922
33370
31224
33488
31098
39025
34747
33449
31364
33431
30950
35177
31102
33451
31214
33542
31171
33335
30899
34210
31585
33698
30995
33374
32727
34516
31306
33463
30771
33306
30753
33445
31755
33904
30708
33460
31222
35266
31497
33340
31336
33367
30951
33650
33631
34402
31504
33345
30962
33348
32540
33339
31138
33313
31061
34926
30764
34708
30724
33728
31491
33494
31357
35177
30776
33378
31169
33476
30773
33602
31634
33661
30955
33719
30954
35322
31447
33382
31324
33077
31295
35834
31304
34168
31153
34862
31255
33547
32737
33804
31349
33323
31060
33474
31086
33212
31880
33939
31161
33408
31095
35637
31040
33607
31060
33439
31059
33258
31868
34289
31309
33236
31235
33049
33108
34726
31169
33317
30657
33215
30965
34251
31509
33783
30995
33732
31064
34911
31287
34061
31112
33366
31055
33313
33560
33356
30797
33435
30762
35416
31773
33736
30987
33533
31008
34796
31195
33897
30961
33391
31233
33540
32891
33361
31544
33505
31308
33490
30847
33577
32073
33865
31107
33315
31272
35824
30993
33575
30832
35098
31053
33322
31177
34151
31133
34665
31474
33510
32742
33848
31292
33470
31140
33827
30933
34049
31358
33568
31010
33516
30670
35154
30651
33817
30941
33158
30838
33335
32031
33568
31143
33368
31096
35228
35420
35140
31310
35515
31453
33448
30675
34970
31354
32815
30903
33607
32683
33279
31456
33335
31403
33449
31298
33347
32184
33557
30869
33432
31248
35288
31421
33563
31169
33498
31100
34701
30664
34077
31521
33902
31022
33320
32974
33611
31092
33639
30939
33497
31172
34263
30615
33168
31255
33518
30629
34994
31137
33486
30695
33040
30623
33427
31921
33671
31125
34654
30579
35269
31409
33401
31083
33513
31237
34184
30979
34261
30935
34141
30946
33518
33035
33418
31531
33589
31061
33749
30953
36496
36386
36794
31107
33434
31131
35463
31306
34265
31030
33336
31327
33772
30983
34885
31286
33467
31043
33488
33025
33420
31521
33408
30944
33337
30969
33863
31504
33555
31129
33795
31063
35332
31237
33799
31076
33281
31026
34683
31664
33392
30641
33253
30668
35195
30909
35910
31116
33602
31338
33408
31377
40915
31484
33117
31312
33608
32981
33391
31005
33409
31130
33412
30818
33479
31993
33820
31173
34691
31326
35336
31461
33580
30918
33449
31047
33357
31082
34617
30905
33685
31052
33624
32861
33260
31292
33119
30753
33346
30876
34587
31193
33266
30861
33196
30857
35477
31070
34214
31096
33277
30935
34050
31732
33436
31124
33641
30935
35443
31341
33150
31157
33461
30458
32990
31604
34797
31305
33531
30972
33420
42131
33843
30981
33253
30687
33307
31076
34840
31814
33507
30825
33417
31604
35300
31120
33482
31278
33783
31361
33399
30735
33704
31061
33496
31187
33619
32979
33329
29992
33782
31322
33694
30981
34157
31066
33548
31217
34655
31425
35208
30937
33211
31007
33395
31202
33392
32521
33245
31224
33422
31231
37092
30792
33427
31682
33391
30690
33497
31143
34721
31116
33325
31423
33485
32879
32858
30842
34905
31059
33403
30976
33602
31848
33833
31679
33921
31036
35243
31345
33414
31324
33633
31082
33591
31033
34343
31080
33379
30923
33353
33073
33417
31369
33341
31115
33559
30994
35093
31155
33786
31334
33531
31176
35400
31410
33503
31170
33577
30784
33423
32193
33564
30993
33461
31087
35222
31247
33348
31236
33451
31132
35031
30979
34250
30741
33676
30313
35058
33296
33952
31217
33347
30962
33247
31125
33111
33869
33700
31035
32824
31240
34841
30957
33518
31044
33451
30986
33505
30721
34518
31145
33622
30726
33722
32867
33621
31418
34804
31005
33673
30700
34948
38830
37604
31317
33688
31096
35216
30852
33353
30948
32648
31123
33732
31729
34029
31038
35727
31076
35305
30931
33417
31130
33216
30807
33290
30869
35218
31198
33400
31199
33616
32959
33494
31500
33475
31110
33124
31523
33863
31801
34098
30974
33547
31247
35162
31956
33787
31285
33353
31167
33343
31234
34398
31324
34816
31318
33489
32667
33354
30779
32981
31423
33347
31371
33863
31606
33448
31088
34727
30977
35164
31290
33461
31190
33898
31150
33464
31696
33343
31363
33689
32230
34880
30807
34754
31137
33255
31076
33367
31097
34499
30978
33180
30892
33385
32699
33429
31132
33263
31222
33346
30971
33436
31858
33405
31209
33608
31087
35536
31184
33476
32023
38807
31033
34571
31226
34610
31142
33472
31309
33259
32995
33569
31011
32875
31062
33339
31411
33911
30792
33760
31043
33499
31631
35506
31372
33556
31152
33587
31078
38971
32033
33617
31162
35166
31012
35577
31150
33068
31398
33284
31501
33415
31128
33876
30850
33371
30953
33536
33052
33438
31078
33201
31590
33694
31168
33434
31987
33174
30647
33081
31351
35051
31075
34636
31362
33134
31397
33319
31104
36218
31063
33356
31239
33399
33009
33512
31342
33103
31068
33475
31125
33847
31642
33427
31062
33603
31110
35497
31066
33140
31062
35662
31149
34398
32085
33766
30753
33274
30712
35226
31392
33472
31089
33474
30476
33705
31052
34226
31175
33055
31320
33732
32852
33219
31102
32855
31284
33521
30368
34029
31685
33576
30734
34718
31088
35531
31004
32285
30848
33186
31435
33351
31170
34051
30800
33812
31374
33474
33293
33820
31109
33083
30973
33558
30793
34020
30668
33652
31623
33604
31179
35550
31268
34589
31370
35162
31091
33608
32053
33362
31495
33681
31019
35208
31015
33256
30806
33712
31099
33825
31257
34241
39529
37053
31175
33451
32858
33866
31356
33350
31132
33238
31017
34589
32232
33509
31234
33368
31035
35677
30953
33714
31016
33456
31128
33342
30998
34435
30891
33660
30716
33490
33276
33306
31323
33485
30713
33308
30565
33545
31141
33576
30574
37383
31039
35140
31104
33508
30588
33349
31030
33519
32062
33433
31848
33396
31282
34724
30770
33778
30855
33688
31114
33618
31692
33861
31023
33818
31087
33518
33000
33535
30869
34554
31061
33742
30815
33362
31726
33406
31269
33491
31068
35279
31122
33457
30872
33517
31313
32984
31748
34543
31064
33580
31194
32850
33478
33433
31234
33789
31051
33463
31644
37788
30920
33547
30984
33677
31419
35467
31035
35074
31350
33883
31117
33540
31936
33521
31104
33035
31100
35389
31500
33334
31328
33422
31167
33333
30858
34980
31089
33557
31494
34914
33370
33115
31482
33835
31007
33564
30999
33184
31696
33469
31369
33712
30979
35178
31137
33315
30821
33294
30993
33403
31096
34717
31104
33315
31159
33014
33091
33583
30699
34757
33828
33831
31029
34131
31130
33778
31337
34211
31126
35139
31085
32899
30999
33341
30996
33406
31665
34020
30981
33662
31139
35261
31247
33170
31292
33388
31321
33435
31051
35525
31451
33738
31554
33490
32988
33429
31623
33523
31043
33039
31312
33722
31882
33866
30878
33403
31086
35376
30958
33349
31181
33518
31066
33908
31038
33989
31358
33591
30948
34699
32763
33394
31267
33535
31098
33881
31289
34194
30915
33364
30647
33925
31171
36908
31218
33275
30674
33609
31128
33507
31814
33300
31053
33297
31463
35436
31036
33408
30637
34605
31287
33340
31322
34188
31085
33841
31082
33547
32496
33388
31330
33301
31131
33886
31209
33434
31892
33660
31252
33538
31190
35157
30994
33400
31231
33510
31039
33582
31800
41249
33357
37667
30865
33384
32854
33540
31007
33456
31540
33475
30725
34300
31067
33809
31303
33244
31488
35351
31391
34029
31537
33422
30990
33560
33840
33707
30961
33010
31138
36465
31649
33377
30927
33659
30670
32782
31126
34051
31396
33621
31665
33726
33015
33959
30927
33228
31314
33831
31510
33317
31893
33479
30678
33414
30026
35399
31155
33589
30974
34783
30939
33640
31478
33842
31249
33434
31258
33473
32783
33588
31025
32886
31118
33626
30542
33488
30831
33232
30855
35287
35856
35482
31215
33452
30989
33431
30984
33406
31825
34699
31375
33288
31273
34700
31113
33489
31048
33548
30965
33299
30553
34186
31129
33729
31033
33347
32705
33229
30942
33717
30937
33678
30689
33902
31745
33696
31131
33470
31263
36789
31258
33449
32338
33230
31046
33340
31029
34423
31065
32994
31247
33850
32413
33588
30642
33024
31277
33487
31009
34156
31172
33900
30930
33452
31034
35120
31083
33401
31217
34724
31403
33010
31767
33523
31100
33317
30973
35284
31003
33413
31413
33402
30656
34672
31061
34246
31058
33543
31108
33498
32688
33724
30830
33572
31038
33683
31040
34788
31436
33310
31116
33358
30665
35087
30622
33781
30757
33498
31094
33467
31263
34401
30966
33777
30692
33425
33168
33597
31194
33262
30814
33703
30833
35784
30975
33520
31029
34248
31177
34726
30805
32970
30876
33120
31565
33424
31434
33326
31205
32906
31044
35223
31008
33556
31634
33518
31676
33111
31060
36128
31347
33513
31110
33204
33220
33754
31249
34753
31400
33521
31067
33528
31754
33538
33275
33892
31311
35148
31117
33440
31265
33726
30872
33276
30754
34424
30779
33438
31514
33467
32913
33394
31363
33685
31040
33422
31348
35558
31249
33467
31049
33530
31116
35523
31344
33497
30853
33675
30994
33083
31916
33411
31177
34063
35861
35421
30925
32907
31246
33314
31066
33111
31126
34129
31084
33505
31122
34564
32969
33299
31047
33829
31149
33771
31093
33403
31740
33081
31091
33332
30968
35338
31051
33463
31071
33643
31186
33378
31167
34078
31274
33787
31024
33260
33392
33766
30886
34756
31051
35589
31329
34288
31070
33923
31108
33459
31029
35459
31264
33498
31020
32637
31337
33499
32174
33448
31153
33343
31253
35361
31736
33331
31134
32992
30958
33345
31312
35173
31000
33493
31700
33367
32935
32996
30978
34299
31356
33604
30634
33372
32405
33902
30868
33450
31168
35355
31492
33270
30960
33603
31191
33454
30754
34523
31164
33406
30988
34837
33201
33535
30758
33709
30806
33403
31568
33808
31259
33603
31133
33332
31092
35261
31473
33636
31150
33460
31064
33497
31383
33252
31143
33485
31179
34900
31292
33536
31073
34680
30719
33383
31258
34346
31131
33600
30980
33453
32648
33284
30856
33761
31284
33738
31041
33452
34094
33538
31046
33357
31120
35620
30965
33237
30711
33518
30900
33317
31048
35410
31100
33015
30922
33693
32860
33346
30808
35415
31188
33502
30613
34240
30677
33585
31109
33653
31197
35057
31180
33446
31002
33516
31088
33598
31958
33483
31178
33730
31678
36474
31149
33335
31070
33251
30765
33542
31014
34568
31138
36140
30918
33253
33008
33267
31202
33919
30959
33640
31621
33592
31762
33475
31191
33169
31404
35191
31057
33645
30757
34790
30780
33268
30927
34694
31085
33654
30879
33514
32541
33453
31353
33493
31178
33351
31358
34207
31207
33149
31358
33970
31036
35147
31256
33461
31287
33527
30769
33579
32324
34602
31075
33471
31311
35079
31139
33526
31136
33376
30859
33244
31158
33939
31224
33672
31283
33222
33219
33415
31170
33404
31602
33346
31421
33453
31824
33318
31310
33339
38281
40492
31358
33517
31001
33545
31403
33336
31300
34918
31130
33566
30930
33098
32851
34980
30843
33432
31063
35715
32648
34012
31317
33730
31550
33568
31026
35638
31203
33518
31081
34746
31255
33627
31846
33426
31377
33390
30995
35256
31129
33335
33303
33406
31286
33392
31310
34474
31199
33982
31243
33591
33154
33795
31465
33503
31189
33426
31232
33564
31066
34403
31087
33432
31861
35341
30768
33493
31069
33392
31058
33392
30979
36289
31146
33943
31345
33369
32451
33534
31146
33473
31405
33260
31400
34014
31392
33705
30991
33536
31153
36472
30971
33322
31333
33420
31212
33275
31613
33626
31034
33014
31002
35389
30965
33430
31385
33293
30774
33674
30608
34174
30961
33677
31314
33438
32856
33737
31100
33542
30905
34569
32027
33904
31872
33901
31023
32951
31203
35231
31484
33525
31271
33412
30716
33217
31138
34380
31273
33342
31086
34571
32937
33566
31071
33303
30980
33476
30877
33833
31416
34912
31283
33557
30962
35091
31082
33396
30274
33277
30977
33539
31824
35500
31104
33409
31292
35097
31390
33137
30248
33259
30858
33256
31235
34307
31307
33533
31069
33347
32837
34506
31453
33918
31261
33412
31350
33674
31837
33329
31109
33442
31343
35344
30828
33546
31142
33022
30984
33267
31327
34557
31009
33625
31156
33400
33005
33447
31176
33826
30886
34785
31042
34140
30866
33397
31116
33273
31330
35062
31028
33346
31066
33450
31278
33636
36998
33455
31713
33654
31092
35450
31267
33557
31226
33482
31050
33345
30792
32997
31650
34813
31032
33410
32969
33890
30962
33653
31169
33700
31353
33331
32082
33440
31188
33458
31065
35153
30990
33480
31100
32981
31074
33459
31220
34608
31067
35073
31276
33451
32210
35167
31427
33258
30901
32889
30867
36140
31337
35068
31127
32943
31311
41278
33820
33465
31329
33435
31230
33342
31641
33535
30945
33410
30521
35073
31386
33392
31522
34755
30596
33590
30949
34171
30894
33475
31312
33865
32139
33666
30392
33323
31016
33322
31118
33443
31892
33571
31099
32957
31015
35641
31323
33347
31082
33470
31260
33559
31026
35623
31234
33500
30900
33161
33006
33520
31405
33514
30978
33632
31619
34361
30762
33764
31087
33408
31081
35193
31298
33910
30999
33341
30870
33884
31803
34057
31289
33458
31187
36380
31721
33548
31310
33440
31138
33401
31067
34385
31247
33430
30642
33795
33117
33271
31169
33037
31536
33435
31312
33610
31722
33577
31202
33393
31105
35312
31555
33575
31042
34690
31051
35787
30927
34017
31131
33771
31466
33510
32496
33435
31562
33452
31114
33041
31121
33858
32015
33793
31253
33652
31242
35466
30985
33618
31552
33503
30984
33518
31850
34917
31288
33538
31686
35359
30988
33427
30990
33420
31276
33212
31031
34458
31518
33266
31164
33553
33351
33376
30816
33653
31265
33312
30937
33431
31973
33481
30607
33461
30984
36578
31448
33390
31310
33600
31205
33346
31281
34328
30945
33736
31065
33496
33245
33490
31115
33670
30747
33729
30342
34556
30868
33592
31173
33332
31277
35128
31093
33385
30821
34861
31088
32996
34211
33734
31638
33016
30995
35224
31627
33343
31214
33443
31181
33702
31069
34162
31151
33299
31358
33354
32903
33745
31395
33485
31082
32816
31246
33343
32039
34898
31014
33448
30723
35237
31061
33452
30980
34734
31156
33473
31116
34467
31150
33350
30973
40273
32560
36064
31131
33538
31250
33544
30991
34379
31185
33485
31002
33461
30761
36412
31616
33400
31368
33732
30871
33575
31733
33554
31193
33510
31066
35299
31612
32986
30887
33576
31244
33305
31201
33795
30733
33731
30934
33464
36494
37716
30969
33596
31083
34672
31007
33583
32120
33535
31237
33381
30838
35296
31137
33665
31021
33638
31062
33597
30882
34213
31315
33405
31405
33357
33277
33465
31244
33338
30767
33311
31095
34108
31051
34828
31486
33914
31445
34814
31282
33434
31343
33513
30959
33380
32090
33517
31166
33228
31123
35175
31251
33547
31119
33530
31097
33465
31242
34237
31017
33409
31322
33266
32909
34482
31010
33379
31317
33785
31297
33459
31837
33565
31029
32830
30976
35322
31053
35487
31235
33637
30975
33660
33678
34306
31233
33868
30854
33253
32869
33383
31040
32948
30678
34433
31231
34225
31272
33644
30798
33753
30981
35706
31252
33586
31020
33407
31048
33623
32022
33644
31220
32967
31162
35228
31136
33238
31315
33501
31168
33373
31417
36585
30782
35636
30984
33366
32969
33252
31261
32940
30919
33224
31307
33659
31285
33403
31083
33511
31267
35243
31467
33262
31015
32961
31444
33110
31440
34081
31452
33421
31134
33574
32835
34616
31045
33276
30799
33464
31099
34191
30776
33784
31356
33358
31018
35539
31069
33621
30853
33064
31422
33313
31748
33313
31637
33380
30946
35043
31228
33381
31381
33224
30838
34968
31201
34373
31005
33511
31638
33782
32883
33275
31563
33582
31127
33536
30698
33626
32084
33394
31347
33466
31094
39294
31414
33581
31187
33102
30997
33373
31080
34354
30796
34665
31272
32949
33217
33252
31116
33396
31031
33488
31122
34061
30893
33788
30978
33587
31087
34953
31125
33407
31329
33300
31387
32824
31810
33617
31664
33396
30534
35158
31041
34723
31152
33258
31092
33047
31256
34271
31087
33443
31291
33587
32925
33372
31037
33430
31031
33402
31080
33380
31663
33302
31274
33358
31153
35146
31598
33622
31071
33984
31427
34504
31207
34602
30713
33856
31235
33814
32986
36631
34622
33418
31057
32926
30339
34224
31284
33523
31090
33421
31068
35706
31290
33420
31070
33407
31242
32935
31894
33856
31121
34558
31149
35243
31412
33532
31257
33495
31024
33709
30718
34353
31316
33477
31048
33600
32933
33117
31245
33355
31211
33845
30868
35611
34006
33411
31875
34387
30854
35476
31112
34302
30971
33011
30779
33299
30929
34801
31032
33504
31641
33624
33160
33020
31641
33470
31292
33446
30868
34541
31071
33820
31044
33335
30573
35164
31285
33642
30658
33356
30918
34743
32101
33615
31144
33355
31135
35411
31196
33157
31323
33433
31030
33735
31117
34048
31338
33471
30970
33590
33293
33394
31131
33424
30973
33721
30767
33533
31824
33471
31115
34733
31024
35460
31652
34017
30682
33399
31664
33474
31282
33938
31332
33297
30709
33219
32791
33533
31266
33426
31128
33011
31030
34255
31078
33242
31382
34224
31859
37567
31086
33401
31270
33467
30930
33053
31540
33401
31175
33248
31216
35458
31250
33389
31076
33239
30863
33417
31256
34693
31093
33440
30922
33051
34678
33637
30807
33411
30738
34602
31312
35201
36628
33647
31061
33429
31126
35336
31470
33462
31064
33690
36187
33418
31112
34231
31148
33565
31545
33438
32827
33392
31225
33457
31273
32798
31146
34255
30678
34948
30873
33382
31072
35140
30532
33393
30614
33274
30546
33529
31936
33492
31632
33815
31071
35270
31989
33414
31249
33341
31433
33974
31225
33839
31076
33451
31108
33060
32659
34607
31068
33428
31320
33392
31088
33514
31914
33420
31308
33396
31136
35633
31298
33379
31078
33379
31095
33490
30840
37121
31174
33572
30938
33563
32819
33036
31183
33598
31165
34752
31366
34168
31258
33549
31075
32933
31002
35397
31059
33582
31531
33399
31417
33057
31762
33675
31231
33273
31306
35334
31022
37747
35776
35805
31027
36092
30961
34300
31156
34981
31140
33366
32407
33394
31120
33605
31213
35141
31706
33405
31856
33381
31015
33400
30908
35223
31416
33463
31269
33375
30662
33344
31111
34375
31239
33257
31282
33507
33147
34780
31364
33776
31129
33507
31070
34832
31127
33474
31087
33232
31335
35817
31051
33249
31319
33865
31009
33475
31959
33422
31080
33060
31331
35277
31827
33494
31072
33298
31003
34822
31043
34254
31199
33346
31047
33427
32524
33374
30883
33645
31069
33496
30988
33390
32498
33407
31256
33458
30679
35578
31086
33473
30925
33369
31248
33266
30957
34188
31299
34895
30558
33279
33009
33472
31306
33504
31131
33523
31251
34338
31039
33575
31018
33330
31384
34620
30928
33355
31154
33448
30767
33303
31936
33788
31429
33366
31161
36268
31274
34572
31487
33749
31005
33078
31011
34035
30979
33595
31350
33465
32943
33440
31172
35025
31280
33883
30934
33547
31911
33221
31261
33586
31062
35149
30875
33321
30941
33062
31081
34767
31319
34289
31287
33391
30876
33578
32924
33448
30605
33156
31313
33445
31210
36138
31426
33539
31479
33771
31268
35229
31473
33594
31208
33408
31050
33515
31807
33613
31342
34407
31138
35096
31273
33652
31438
33331
31118
33574
30971
34668
30952
33626
30442
33644
32862
34010
31315
33494
30955
33501
31229
33250
32071
33524
31216
33244
30897
35241
31482
34764
31357
33438
30935
33114
31129
34389
30980
33689
31100
33322
32764
33264
30938
33580
31182
33588
30676
34173
31271
33474
31146
33569
30648
35221
31164
33240
30836
33320
32664
34542
31798
33757
31296
34192
31269
34980
31027
33285
31387
33370
31321
33517
31061
34547
31203
33682
31072
33543
33297
35628
31451
33112
31101
33712
31043
32935
32030
33557
31117
34423
31653
35287
31549
33373
33727
40171
30778
33230
31258
34251
31208
33347
31239
33378
32797
33127
30669
33370
31298
33239
31449
34317
31048
33557
31176
33422
30880
35215
30916
34533
30950
33261
30854
33055
31986
33621
31330
33518
31141
35169
31097
33359
31002
33582
30690
33293
31116
34463
30923
33856
31015
33326
32901
33255
30879
33670
31167
33538
30576
34381
32334
33372
30638
33382
31249
35099
31567
33614
30292
33217
30942
33304
31150
34330
31137
33640
30953
32714
32126
33269
31172
33310
31431
33447
31136
34192
31255
33729
30965
34763
31281
35517
31241
33446
31265
33597
30641
33535
34098
33503
31314
33606
31221
35305
31730
33394
31107
33454
31037
33531
31112
34574
31139
33913
30656
35659
33113
32639
31207
34727
30630
33534
31149
33371
32028
33549
31044
35303
31068
35489
31100
33789
30981
33544
30944
33413
31282
34092
31226
33451
31269
33444
32667
33416
31174
33457
30863
33216
31199
35463
31291
33397
31150
33582
30607
35144
31326
33468
31229
33303
31391
33662
31751
33383
31348
33315
31237
35126
31009
33340
30974
33514
31070
33210
31190
34404
30994
33836
30893
34619
32911
33596
30479
33320
31039
33412
31001
33538
31995
33476
30665
33391
31262
35163
30951
33313
31013
33625
31042
33289
63037
34056
31114
33518
31308
33022
33154
33367
31103
34766
33522
33533
31043
34299
31244
33468
30786
33579
30992
34957
31136
33451
31500
33484
31198
33532
31855
32952
31587
33451
30742
35099
31271
33323
30957
33425
30921
36024
30744
35838
31316
33647
30948
33264
32942
33587
31343
33618
31074
33332
31163
33472
31832
33857
31131
33346
31075
35940
31132
32976
30867
33232
31180
33455
30863
34601
31092
34893
31271
33242
32806
33295
31333
34044
30909
33114
31181
34190
31312
33623
31114
33573
31024
35443
31289
33441
37581
37491
31061
33348
31894
33702
31131
33492
31277
35294
30935
34540
30976
33511
31017
33871
31044
36316
31065
33513
30967
33404
32959
33289
31177
33386
31280
33644
31837
33378
31479
33625
31339
33613
31113
35421
30997
33389
31578
33717
31155
34873
30996
34252
31174
36019
30999
33196
32783
33340
31067
33325
31172
33368
30935
33674
31476
33481
30646
33551
31155
34912
31033
33360
31268
33243
31017
33593
32178
33520
30745
34370
31515
35177
31472
33933
31342
33359
30972
35279
31136
34309
30729
33761
31367
33154
32990
33370
31047
33539
30759
33507
31073
33127
31975
33480
31190
33600
31024
35377
31198
34551
31118
32842
31045
33359
30716
34176
31119
33466
31109
33389
33506
33413
31326
33717
30882
33237
30922
34065
31681
33877
30846
33256
31367
35129
31055
33543
31106
33386
31310
34582
36388
33414
30620
33282
31378
35300
31365
33526
31096
33420
31269
39626
31434
34182
31104
33855
31115
33014
32338
33307
31180
33520
31143
33245
30950
33273
31842
33937
31157
34677
31138
35532
31141
33414
32794
33169
30505
33284
31293
34089
31467
32673
31037
33469
32718
33215
30565
33715
30997
33301
31257
34501
31045
33233
31000
33629
30996
35369
31181
34523
31494
33426
31071
33366
31487
33216
31432
33394
31179
35188
31115
33434
30921
35373
31343
33895
31102
34464
31219
33323
31495
33495
32391
33590
31191
33518
30935
33742
30668
34447
34414
34009
31151
33043
31321
35366
31244
33211
31357
33460
31330
33610
31677
34204
31156
33573
31168
33439
32791
33544
31141
33329
31217
33458
30954
34519
31298
33963
30652
34833
31016
34941
31249
33406
31051
33039
30982
33500
31804
33029
31022
33502
31019
35019
31333
33556
31033
33365
30952
33462
31393
33971
31454
33440
31278
33256
32727
33438
31286
34692
35696
37967
31041
33315
31846
36062
31564
33024
31545
35628
31292
33334
31233
33524
31060
33567
30934
33948
31583
33840
30873
33369
33285
33403
31374
33248
30926
32891
31441
35410
31390
33471
31214
34162
31293
34806
31143
33147
31150
33724
30675
33383
31945
33338
31387
33496
31360
35083
30920
35159
31459
33848
31041
33219
30942
34232
31004
33378
31013
34624
33237
33544
30896
35032
32306
33309
31361
33553
31820
33564
31194
33427
31091
35264
30872
33552
31286
33429
30975
33205
31048
34067
31091
33507
30645
33086
32784
33480
31182
34825
31075
33233
31027
34426
31494
33275
30702
33383
31225
35658
31166
33036
30820
33274
30160
33690
31705
33405
30869
33188
31147
35159
31442
33738
31100
33590
31047
33349
31191
35178
31500
33740
30973
33302
33099
33691
31068
36134
31572
33340
31264
33292
31769
33374
30769
33459
31095
35661
30802
33364
31275
33712
30859
33208
30861
36493
31229
33000
31093
34604
33145
33462
31090
33076
31220
33494
31059
34116
31056
33642
30932
33530
30790
35386
31327
33447
31109
33237
31010
33241
31673
33261
31452
33107
30787
37063
31085
33353
31011
34606
30557
33294
31287
34636
31341
33583
31731
33781
32749
33894
31099
33386
31211
33033
31026
33332
31973
33282
31257
34123
30933
35275
31113
33492
31338
33131
31448
35782
34554
35632
31142
33367
31210
33475
32999
33169
31260
33478
31212
33399
30990
34075
31519
32979
30931
33649
31042
35473
31352
33483
31104
33592
31169
33554
31749
33224
31359
33504
30684
36291
31583
33335
30955
33536
30973
33349
30780
33713
32310
33674
31442
33357
32728
33539
31109
33527
30975
33162
30990
33518
31867
33832
30862
33505
30875
35442
31050
33111
31339
34419
30925
33404
31392
34718
31148
33408
31310
33316
33433
33392
30696
33375
30636
41025
34956
34026
31150
33807
31281
33231
31050
35493
30719
33541
31078
33296
31319
33475
31955
34529
31430
35389
31399
35187
31389
33408
30916
33635
31489
33595
31189
34189
31186
33373
31127
32930
32809
33827
30986
33365
30820
33574
31192
33102
32083
33490
31259
33302
31122
36582
31123
33664
30906
33671
31102
33573
31122
33938
31325
33825
30348
33306
32786
32851
31537
33692
30892
33479
30493
36393
31160
34964
31327
33426
31132
35272
31606
34862
31217
33227
30821
33281
31831
33305
31608
33336
31183
35181
31479
35794
31000
33250
31006
33360
31039
34328
31075
33621
30931
33513
32862
33237
31272
33433
31192
33396
31270
34656
31951
33520
30831
33476
30501
35010
31420
33339
30939
32895
31473
33324
30602
34142
31330
33230
30980
33163
33124
33529
31335
33070
31002
32951
30905
34146
31137
33469
31357
34520
31122
35548
31494
33500
30803
33275
30968
35542
32023
33362
31035
33245
31048
35273
31684
33699
31352
33548
31214
33452
31153
34202
30609
33488
31361
39788
32761
33305
31034
34731
31328
33416
30828
33735
32000
33602
30633
33995
30925
35489
31615
33367
31097
33411
30544
33546
31281
34054
30723
32940
31037
33332
33472
33506
31003
33421
31209
33463
31072
35749
31233
33132
31294
33104
30986
35284
31103
33331
31410
33749
31213
33648
31944
35077
30997
32985
31212
34933
31216
33679
31155
33587
31086
33117
31571
34136
31253
33602
31028
34550
32791
33378
31175
33635
31192
33713
31184
33595
31704
33435
31214
33511
31069
35521
31327
33326
31292
33406
30925
33612
31091
33999
30816
33418
30997
32981
32874
33305
31202
34819
31312
33619
31167
34654
30938
33607
31164
33610
31261
35431
31317
33430
30859
34928
31581
33890
34025
33834
31305
34204
31029
35081
31157
33830
31402
33453
30467
33315
36220
35550
33555
35840
31377
33675
32930
33370
31176
33433
31028
33439
30673
33589
32315
33031
31594
33815
31140
35312
31146
33371
30847
33331
30725
33859
31131
34230
31300
33560
30969
35206
32971
33494
31188
33374
30766
33735
30970
34629
31248
33579
31059
33474
31035
35106
31820
33633
30807
33328
30950
33259
31937
33586
30955
33423
31345
35146
31085
33247
31300
34614
31416
33662
30975
34239
31150
33406
31235
33376
33086
33502
31423
33376
31343
33630
30863
33021
36734
33253
31127
33713
31413
35335
30948
33690
30975
33060
30650
33394
31160
35232
31546
33805
31187
33400
32998
33543
31084
33796
31006
33487
31644
34465
31118
33328
31426
40242
31051
35153
31074
35474
31374
33436
31271
33519
32004
33470
30824
33558
31282
36697
31407
33744
31014
33495
31072
33556
30801
34209
31384
33873
30926
33360
32794
33383
31086
33517
31129
33424
31185
33328
31745
33343
31529
33744
31014
35351
30900
33701
31574
34669
31087
33519
31233
33871
30986
33449
31139
33462
32706
32501
31389
33354
31364
33222
30539
36115
31336
33937
31114
33420
31599
35466
30768
33252
30713
33416
31378
33637
31823
35063
31190
33451
31219
34866
31292
33880
31063
33382
30924
33345
31158
36123
30969
33521
30613
33605
33026
33515
30996
33367
30902
33190
31206
33348
31683
33420
30900
33640
31597
36815
30795
32754
31212
33363
31249
33492
31098
34278
31151
33801
30883
33921
32739
33432
30944
33076
31260
32906
31074
33886
30729
33526
31137
33843
31175
36871
30913
33672
31069
34766
31106
33509
32074
33543
31051
32956
31035
34740
31370
33621
31646
Average throughput: 30285.593143 op/s latency: 32.695700 usec
Done!
