Run the test of 10000 requests
30784 blocks in total, max key is 923521
Cache built. 3 layers 993 entries in total.
thread 0 op_count 10000
51113
25113
22845
24122
24414
22960
24258
22401
24078
25413
22615
24126
24179
22495
23707
24515
22483
23767
22423
23895
25264
22253
24540
24011
21978
23630
23923
22264
23999
22921
23902
29436
22453
24268
23983
23076
23774
25940
23068
24599
24327
23568
24387
23035
26536
25396
22932
24331
23817
22736
28109
22708
25777
25331
22934
24965
24686
22920
25253
22518
25422
25444
22748
24952
25020
22674
25567
22797
26136
25791
22430
25193
25029
23419
26098
22770
25457
25413
22495
25071
25124
22739
27578
27622
28770
28378
22732
25326
25080
24460
26338
22697
26454
25236
22583
25202
25403
22996
25033
22670
25498
27268
22794
24979
25252
23899
25608
22696
24993
25010
23265
24884
25124
22798
26733
22427
26591
25249
22660
24971
25160
22698
24443
22156
25499
25058
22340
25079
25384
22586
25304
22392
25057
24795
22393
25262
25143
23562
25212
22590
26626
25737
22680
25375
25425
23085
25331
22462
25289
24602
22831
25240
25251
22772
24728
23081
25377
25747
23078
25281
24985
23500
24967
23255
26698
26800
22767
25241
24916
23874
25603
22494
25305
24496
22835
24763
25127
22902
27291
23077
24977
24661
22716
27310
25075
22415
25431
22649
26383
25178
22837
25302
25132
22521
24931
22302
25679
24938
22607
25342
25512
23776
25037
22848
25788
25637
22932
25245
25128
22669
25289
22403
26502
25115
22920
24930
25062
22743
25456
22339
25368
24892
22772
25097
25547
23005
25506
23082
25805
27071
22573
24738
25446
23812
25555
22557
26247
25285
22652
25377
25393
22593
27123
22101
25129
24922
22781
25214
24836
22332
26399
22478
25714
25666
22663
25631
25408
22587
25127
22112
26676
25120
22855
24886
25135
23714
24907
22563
25396
25333
22772
25309
25387
22607
24911
22303
25306
25459
22650
24555
25257
22966
25540
22718
29118
25432
22634
25216
24997
22186
25091
22575
25092
27302
22989
24838
25034
23726
25323
22389
25139
25238
22632
24898
25443
22534
26853
22466
26720
25307
22696
25505
24877
22622
25012
22707
25269
24990
22405
25225
24928
22884
25216
22438
25094
25371
22969
24895
24976
23474
25489
22160
26746
25501
22936
24947
24953
22779
25192
22099
25861
25389
22693
25179
24913
23113
25466
22092
25625
24981
23108
25141
25647
22656
25261
22691
26997
27149
22874
25295
24781
25686
25479
22378
25535
24900
22916
24606
25186
22788
26838
22221
25270
25002
22603
25045
25379
23044
25381
22479
26455
25025
22610
24480
28252
22869
25024
22485
25000
25260
22313
25276
25388
23540
25276
22360
25416
25067
22888
25236
25954
22342
25320
22315
26709
25040
23063
24679
24994
22863
25346
24524
25524
25068
22762
24876
25054
22621
25703
22625
25258
26689
22961
25067
25003
23569
25206
22479
26452
25425
22885
24784
25009
22361
27182
22631
25262
25489
22765
25260
25017
22494
25324
22586
25190
24955
22642
25446
25068
22648
25045
22722
25864
25398
22959
25279
25549
23694
26384
25855
29640
25276
22880
25231
24802
23002
25342
22640
25315
24876
22333
24925
25016
23383
25486
22192
26707
24968
22649
25280
25378
22788
25177
22102
25253
28670
22403
25529
25387
23315
25079
22333
24718
25514
23052
24875
24835
22634
26935
22605
26717
25157
22536
24502
24988
22615
25609
22634
25470
25480
22988
25596
25328
22838
25497
23020
25004
25140
22643
25158
25134
23262
25332
22200
26352
25354
22528
25194
25283
22812
24983
22398
25117
24953
22653
24867
25368
23038
24940
21991
25720
25133
22783
25300
24925
22894
25039
22843
26206
26988
22018
25387
25492
23707
25835
22770
25468
25616
23012
25379
25406
22780
27577
22565
24885
24926
22625
24909
24951
22682
24908
22485
26312
28601
22647
24726
25203
22970
25453
22794
25328
25188
22624
25016
25467
23610
28817
22963
25224
24970
22575
25044
25020
22973
25197
22424
26240
25289
22655
25114
24623
22506
25315
22167
25344
24734
22550
25518
25348
22575
25236
22352
25125
27043
22523
24597
25342
23534
25325
22467
26037
25400
23175
24846
25605
22688
27883
23035
25311
25350
22953
24489
25216
23092
25334
22628
25377
24995
22726
25531
25250
23125
25182
22482
26264
25194
22635
25261
24990
23556
25128
22230
24914
25165
22683
24786
25027
22392
25191
22254
27140
24984
22711
24527
25052
22280
26202
22298
25314
25065
22766
25164
25147
22580
25129
22419
25236
27367
23001
25028
24526
23509
25355
22561
25471
27881
22650
25288
25317
22786
28725
23089
25245
25078
22692
25399
24950
23167
25198
22434
24960
24715
31289
25168
24651
22813
24929
22024
25159
25204
22591
25072
25268
23416
26332
23004
25339
25249
22703
25025
25077
23007
25334
22483
25017
25051
22713
24837
25067
22633
25007
22095
25052
27036
23032
25429
24986
22641
26616
22388
25339
27114
22970
25038
24939
23126
25152
22482
25342
25019
22619
25696
25300
22905
27402
22489
25096
24837
22612
25003
25704
22987
25841
22463
25317
25157
22347
25180
25317
23078
25302
22379
25106
25006
22699
25266
24719
23210
24890
22429
25846
24982
22679
25515
25028
23019
29606
22518
25081
25406
22844
24836
25074
23272
25442
22775
25182
25356
22773
24859
24890
23222
25203
22831
24811
26903
23018
25156
24747
23551
25890
22425
25563
25244
23022
25519
25865
22840
26809
22433
25391
25025
22706
25385
24972
22710
25032
22470
25407
25160
22696
25372
24786
22454
31038
22198
24740
24996
23045
24913
24858
23553
25997
21983
25392
25564
22951
24622
24564
22697
24921
22804
25235
24896
22544
24855
24861
22753
26127
22670
25051
25253
22894
25148
24844
22589
25428
22430
25007
26863
22942
25060
24942
25650
25361
22492
25067
24853
22583
24974
25809
22652
28157
22406
25018
24666
22566
28061
25122
22579
25177
22320
25173
25003
22311
25728
25588
23066
25322
22516
25491
24907
22507
24849
24965
23443
26319
22405
24719
24938
22734
25001
25099
22952
24894
22767
25002
24886
22996
25151
25063
22745
24983
22590
25341
24864
22654
25130
25312
23027
26052
22333
24995
26987
22819
25217
25467
23071
25279
22959
25203
25107
23044
25330
25290
22966
26902
22817
24710
25217
22653
25224
24605
22565
26777
23029
25491
25324
22704
25572
25301
22697
25232
22421
25489
24980
22685
24901
24995
23626
25794
22421
25632
25140
22613
25154
28205
22931
26191
22473
25060
25080
22781
24866
24844
23008
25069
22420
28749
24489
22438
24984
25341
22593
24910
22659
25254
27210
23109
24924
25374
23130
26340
22480
25039
25181
22918
25348
25089
22701
26722
22444
24708
25007
22964
25303
25020
22731
24869
22533
25261
24973
22711
25091
24998
22672
26099
21429
25247
24974
22839
24848
25465
23716
25163
22063
25156
25115
22797
25271
24837
22212
25572
22498
25459
24631
22358
25138
24961
22569
25886
22447
25208
25386
22954
24837
24730
25401
25343
22502
24937
26782
22990
25168
25239
23560
25241
22359
25086
25166
22750
24981
25114
22890
28333
22765
25434
24895
22805
24988
24880
22258
24807
22657
25459
25198
22736
25907
28397
22321
24572
22801
25295
25217
22674
24966
24940
23509
26932
22543
25298
24936
22593
24572
24942
22625
25591
22459
25534
25218
23064
25473
24891
22784
24993
22480
25345
25050
22887
24950
25388
22719
26130
22425
24968
26746
22959
25299
25159
23401
24701
22725
25121
24815
22722
25078
25076
22769
26858
22629
25494
24653
22750
24974
25697
22609
26935
22711
25307
25430
22565
24967
24989
22754
24835
22254
25042
25294
23020
24970
25364
23518
25582
22378
25023
24604
22707
24827
25202
22903
26242
22545
25463
25033
22649
24841
25138
22379
25149
22606
25055
25144
22950
25462
25244
22632
25323
22553
25375
30380
22667
25525
24786
23592
26639
22352
25290
25412
22982
25578
25549
25664
27142
22723
24741
25152
22787
24888
25342
22691
29487
26516
28232
24951
22665
25338
25330
22795
29618
23037
25348
24883
22419
24742
24975
24090
25157
22537
25855
25130
22887
25374
25254
22692
24751
22464
25023
25331
22421
25194
24830
22757
26285
22477
25013
25282
22932
25148
24623
22760
24967
22178
24946
26980
23050
24966
25287
23572
25513
22442
24972
24957
22648
25000
25570
22795
28222
22832
24919
25381
22638
25098
24886
22638
25050
22341
24990
24880
22685
24764
25183
22908
24545
22929
25275
24811
22733
24602
25342
23225
30669
22638
25433
25151
22250
25012
25020
22697
25012
22413
24852
24911
22826
25496
25384
22904
25422
22460
25360
25304
22647
25292
25096
23273
26561
23059
25293
26862
23059
25168
25398
23516
25531
22464
24971
24855
22723
25245
24739
22793
26676
22385
25424
24873
23095
24906
25277
22677
26141
22506
25188
25508
22888
26538
25222
23047
25380
22703
25174
25226
22606
24892
24897
23510
25753
22471
25215
25194
22802
25299
26598
23076
25335
23074
24819
24633
22707
24976
24705
22694
25131
22454
25414
24542
28762
25457
25512
22929
24596
24299
25351
26711
22670
25295
26412
25597
25528
22942
24858
28217
22602
24807
25471
22713
26124
22862
25311
24952
22668
24908
24965
22548
25335
22238
25545
24718
22438
24977
26621
22912
25135
22631
25508
25335
22879
25024
24509
23637
25118
22481
25095
25237
22717
25076
24999
23214
24838
22149
24928
24849
22684
24977
28851
23102
25157
22399
24944
25216
22787
25155
25014
22931
25084
23027
24792
26899
22475
24952
25137
23806
25185
21803
25040
25413
22573
24943
26812
22690
26870
22550
24869
24978
22815
25204
24491
22616
25123
22542
25369
24332
22616
24977
25084
22653
25138
22413
25059
24943
22840
24844
26433
23467
25374
22443
25606
24662
22504
24742
24975
22742
29098
22727
25286
25369
22761
24876
24593
22683
24544
22444
25269
25464
22289
24447
26289
22295
24975
22485
24930
26802
23037
24958
24752
23956
24805
23128
25055
24885
22669
24991
25568
22187
26749
22990
25408
25089
23168
24885
26200
22598
25169
22454
24718
24861
22815
25138
25075
22720
24951
22305
27947
25413
22997
25540
25057
23877
25581
22683
25041
25822
22837
25156
25572
22608
25184
22074
25287
24760
22581
25171
24761
22507
24621
22689
25500
24879
22900
25013
25213
22973
25464
22620
25291
26866
23131
25202
26339
23996
25550
22564
25163
25393
22655
24839
25187
22308
31227
24119
25240
24956
22928
28237
25257
22531
25417
23085
24489
25234
22565
25191
26105
22843
24866
22142
25483
25407
22775
24762
24955
23416
24909
22447
25596
25309
22605
25654
24933
22938
24983
22612
24947
24855
23067
25313
26323
22817
25328
22424
25493
25273
22704
25100
24904
22643
25175
22508
30039
26957
23000
25168
24638
23866
24800
22476
24942
25236
22902
24944
26486
22563
27176
22945
25297
24753
22861
25283
25483
22700
24867
22456
25012
25340
22899
25040
25133
22307
24960
22186
25248
25436
23148
24845
26361
23769
25174
22329
26059
25208
22512
24923
24906
22430
24757
22364
25475
24914
22502
24907
25193
22989
25442
22389
28454
25293
22938
25455
26574
22648
25398
22813
24768
27295
23290
25089
25232
23968
25185
22677
25285
25124
22729
24914
25331
23050
27111
22949
24872
25305
23139
25266
26304
22866
25075
22088
24288
24695
22807
24991
25041
22837
25127
22195
25712
25314
23111
25224
24956
23724
24918
22412
25716
25600
22816
24922
26410
22957
24956
22827
24965
24957
22686
25165
25276
23002
25102
22325
25117
25068
22675
24442
24927
22953
25200
22371
24985
26521
22760
25211
26066
23473
25307
22408
25432
25528
22663
25113
24900
22965
27259
22546
25149
24787
22705
24825
24968
22805
24876
22110
24876
25123
23023
24650
29868
22695
25383
22848
25354
25011
22535
25279
25324
23760
25185
22221
24701
25166
23106
24489
24987
22607
24930
22655
24909
24966
23092
24852
26220
22907
24882
22331
25425
25519
22659
25269
24958
22499
25512
22498
25225
26637
22291
25327
24610
23409
24940
22869
25355
24951
22609
25263
26682
22546
26772
22341
24995
24668
22628
24944
25542
23006
24961
22498
25077
24732
22181
25005
25356
22851
24936
22400
24954
25027
22540
25125
27931
23584
25213
22752
25576
25444
22972
24814
24788
22618
25297
22163
25085
25214
22721
25345
25260
22909
25230
22313
25634
25205
22463
25282
26352
22702
25215
22577
25632
31090
23054
25148
24736
25282
24959
22882
24813
24879
21631
25013
24989
22644
27210
23169
24984
24924
22889
24475
26190
22818
24824
22393
24758
24468
22898
25120
25039
22640
24794
22256
25055
24866
22677
25293
24997
23712
25592
22491
25767
25385
22604
24424
26424
23072
25348
22504
25393
24896
22808
24954
24845
23041
24512
22733
25466
24878
22764
24995
25375
22122
25019
22541
24971
27210
23109
25386
26319
23488
27490
22509
28468
25201
22182
25198
25026
22732
26712
22464
25182
24868
22724
25008
25409
22555
24832
22368
24974
25075
22417
24962
26749
22243
25026
22344
24937
25190
22648
24413
24943
23405
28805
22431
25659
25293
22640
25343
24998
22655
25125
23108
24929
25446
22617
24757
26362
22687
25072
22314
24988
25021
22809
25143
24592
22339
24912
22360
25073
27269
22924
25140
25239
27665
25766
22903
25329
25155
23098
26410
24763
23214
27390
22589
25379
25092
22651
24749
25446
22613
25245
23096
25315
24928
22747
32194
25051
22533
24903
22767
24682
24919
22602
26415
25118
23277
25025
22386
24828
25208
22910
25005
24981
22810
25168
22865
24942
25429
22654
24807
25158
22394
24860
22494
24922
25503
22692
25671
25811
22150
25077
22396
24605
27012
23353
25514
25541
23473
25274
22181
25288
29538
22607
25012
25277
22919
26932
22892
24857
25113
22717
26234
25367
22586
25001
22629
25379
24831
22538
24944
25294
22530
24931
22674
25122
24885
22677
24821
25255
23225
25212
37609
25186
25237
23093
26170
25532
22983
24947
22360
24803
25171
23155
25167
25142
22761
25233
22628
25311
24972
22771
25237
25198
22968
25352
23108
25468
26688
23087
26746
25106
23460
25790
22211
25200
25409
22761
25122
24970
22744
26787
23100
24977
25400
23084
25320
25165
22623
25433
22405
25698
25183
22972
26527
25314
23068
24858
22446
25188
25455
22688
25133
24983
23641
26576
22523
25904
25057
22429
25185
25431
22274
29487
22886
24814
25496
22663
25964
25007
22916
25416
22757
25120
25058
22683
25068
24918
22679
25000
22968
25152
26968
22888
25182
24996
23578
25544
22733
25162
24663
22729
26128
25504
22633
26727
22049
25407
25395
22549
25191
25499
23286
25449
22407
25309
24619
22945
25552
24763
23002
25068
22204
25069
24929
22512
26007
24688
23776
25033
22514
25228
25209
22590
25097
25492
22548
25064
22109
24941
25516
22994
24858
24560
22994
25264
22569
25617
24906
22857
26113
24921
22432
24940
22529
24910
26937
22770
24816
25464
23734
25510
22956
25155
24985
22592
24941
25124
22180
26731
22355
25228
24886
22700
30020
25016
22790
24899
22789
25466
25407
22589
25099
25085
22816
25351
22741
25102
24936
22989
24816
25184
23651
24689
22419
25285
25104
22524
26577
25341
22663
24868
22779
25285
25181
22742
24944
25198
23093
25343
22399
25438
25026
22644
25062
24865
22280
28765
22186
25286
26929
22713
25691
25034
23798
25131
24661
25682
24934
22619
24755
25024
22654
27122
22358
25020
24988
22909
25212
25068
22649
25289
22974
25328
24699
22414
26246
24652
23110
24899
22384
25201
25530
22830
25052
24874
23008
25361
22478
25532
25069
22580
24922
25297
22571
25408
22724
24881
24581
22783
26089
25156
23277
25125
22472
28003
24979
22664
24557
25111
23060
24910
22100
25037
26681
23037
25091
25130
25838
25173
22262
25837
25106
22364
26268
25189
22517
27103
22592
24937
24588
22697
25186
25452
22870
24851
22499
25176
25088
22764
25102
25436
22868
25116
22550
24946
25175
22594
26120
25271
23804
25176
22764
25600
25136
22269
24864
25462
23079
25330
22285
24853
25305
22843
25972
25489
22752
24783
22393
24972
24930
22621
25758
24702
22527
24939
22744
24953
27008
22843
24587
24598
23298
25128
22526
25152
24568
22885
24490
24973
22696
26837
23049
25413
24555
22262
26401
24922
22799
25788
22228
25149
25307
22289
25251
27497
22194
25006
22331
24908
24970
23040
24909
24674
23399
25133
22593
25224
27721
23035
26220
25435
22313
25295
22675
25365
25201
22937
24834
24563
22939
25295
22301
25253
25274
22988
24727
24985
22450
24845
22436
25194
27144
23132
25898
25306
23569
25269
22823
25770
24712
22747
25182
25576
22657
27225
22269
25519
24963
22211
25144
25352
22472
24989
22276
25322
25319
22873
26304
25037
22783
25116
22641
25087
25122
22597
24825
25050
23655
25489
23053
25948
25447
22681
24880
25011
22292
24861
22331
24699
25520
22395
26218
24941
22693
25185
22305
25193
24995
22660
25272
25451
22743
24867
22451
25448
29005
22753
24865
25114
22994
25428
22728
24615
25224
23087
25922
25116
22792
26773
22662
25310
25007
22684
24883
25050
22688
25168
22776
25239
25237
22756
25085
25156
22845
25379
22474
25701
25371
22730
26203
25018
23550
25666
22052
24748
25483
22422
24477
25294
22812
24929
22446
24986
25181
22845
25312
24970
22421
25346
22293
25158
25120
22399
26005
25509
22978
25267
22413
24952
26867
22731
24518
25188
23632
25225
22530
25019
24970
22691
25403
24981
22855
27032
22754
25305
24908
22764
26612
24598
22724
24931
22914
25394
24985
22677
25347
26175
22242
24792
21992
25408
25393
23075
24866
24887
23373
27700
22531
25478
24802
22570
26592
25063
22572
25119
23033
26402
24996
22765
25541
25434
23055
28803
22871
28253
25178
22924
26031
28777
23105
24510
22555
25353
28525
22939
24968
25467
23479
25266
22364
25234
24843
22593
24877
25527
22921
27033
22587
24914
24890
22870
25186
25071
22843
25206
22822
25324
26895
22784
25805
25345
22636
25089
22381
25496
24973
23009
25001
25237
24070
25619
22313
25475
25338
22076
25082
25049
22935
25146
22327
25272
26453
22916
24815
25132
23261
24936
22479
25225
25045
22702
24986
25096
22672
24438
22539
24952
26720
22744
24538
25053
23634
25062
22705
24875
28229
22670
25368
24855
22655
27457
22238
25271
25407
25380
24855
24591
23082
25354
22368
23951
24861
22759
24891
24948
22743
24953
22919
25423
26106
22518
25407
24993
23413
25466
22704
24816
25374
22779
24829
27858
23488
25211
21996
25198
25079
22681
24912
25405
22522
24952
22666
25307
26842
22575
24890
25357
22759
25479
22380
24607
26699
22353
25034
24300
23413
25034
22512
25344
24886
22407
25071
25244
22753
26879
22849
25308
26342
22754
24764
25044
22632
24977
22158
24662
24639
22563
24829
25375
23161
25534
22774
25488
25413
22933
25373
24631
23171
25510
22321
25122
26255
22349
25081
24722
22859
27143
22642
25312
25076
22741
24786
25432
23158
25254
22571
25362
24960
22421
24799
25158
23059
24812
22598
24958
28381
22719
25017
25418
25642
25462
25088
24915
24946
22869
25269
25184
22522
27323
23066
24029
24846
22735
25212
25066
22549
25227
23009
25292
26238
22253
25094
25222
22553
25214
22415
25090
24910
23038
25594
25385
23787
25279
22210
25031
25061
22688
24842
24992
22631
25089
22445
24606
26379
22543
25058
24996
23018
25016
21978
25609
25012
22731
25341
24888
22878
25066
22830
24931
26367
23019
24932
24877
23591
25595
22240
25638
26559
22804
25347
25254
22910
29086
22372
25805
24870
22638
27474
25063
22601
25103
22484
25462
25271
22344
24904
25462
22927
24885
22374
25249
26407
22757
25369
25358
23636
25044
22399
25323
25297
22599
25250
25035
22579
24965
22590
24893
25243
22678
24792
25238
22852
24774
22490
26741
26468
22895
25401
24538
22611
25019
22403
24964
26898
22428
24735
25163
23505
25621
22975
25230
24918
22577
25212
25579
22771
26707
22397
25396
26134
22679
24865
24913
22665
24677
22332
24921
25391
22893
25544
25526
22298
24754
22506
25179
25161
22652
25027
25464
23559
25574
22356
25521
26659
22161
24823
25320
22521
26659
25522
29330
24707
22671
24938
24635
22693
25022
22367
27562
25113
22941
25150
24963
22375
25130
22339
25055
28082
22566
25351
25001
23555
25585
22890
25189
25458
22572
24946
25539
22700
26779
22615
24926
25345
22826
24895
24964
22499
24965
22642
25253
26284
22536
25465
25280
22979
25301
22423
25048
25305
23075
25312
25135
23529
25296
22426
25286
24269
25711
25150
25089
22695
25336
22354
27415
26527
22287
25184
24913
22768
25062
21748
25330
24966
22214
25011
24624
22613
25090
22373
25345
26731
22728
25565
24600
23173
25337
22428
24958
26049
22580
24888
25057
22484
26813
22662
25278
25468
22818
24920
25485
22643
25107
22305
24923
24308
22790
25221
27405
23109
25384
22656
24911
26431
22659
24991
25198
23207
25450
22486
25869
24941
22525
24892
25193
22883
24907
22433
25165
25101
22748
25104
25260
22728
25164
22480
25333
26209
22708
24897
25189
22827
24884
22367
24924
26523
22677
25028
24856
23509
25351
22273
25513
25368
22211
24850
25033
22294
26769
22626
24663
26673
22968
25403
25192
22679
24617
22418
25343
25048
22805
25104
24829
22829
24979
22274
24773
25072
22938
24743
25190
23657
25949
22851
26449
26789
22702
25318
25422
22643
24598
22341
25123
25167
23066
24931
24699
22873
25182
22498
25723
25340
22780
25175
24914
22312
24636
22450
25139
29926
22789
24858
25415
23512
25388
22408
25482
25266
22902
24860
25960
22866
26886
22673
24969
26535
22752
25046
25254
22978
25508
22659
24919
26280
22655
25344
25223
22791
24941
22342
24958
25359
22378
24438
24761
23694
25246
22742
25051
25206
22580
24929
25352
22454
24735
22312
25023
25606
22669
24461
25463
22933
25246
22307
25120
25146
22478
24391
25123
22408
25179
22577
25283
26817
22708
25360
25391
23630
25292
22312
24955
26341
22553
25110
25544
22932
26955
22704
25201
25376
22876
25285
24834
22856
25112
22642
25296
25449
22753
26607
25376
29739
24623
22082
26415
25509
22771
25355
27329
23444
25680
22445
25657
25437
22908
24545
25299
22630
25362
22575
25496
24598
22706
25244
24930
22480
25371
22440
26623
24910
22694
24931
25076
22683
25074
22363
25282
26962
23242
25134
24972
25566
24976
22656
25121
25004
22373
24854
25328
22860
26812
22733
26558
24944
22943
24895
25291
22653
24848
22854
25370
25212
22972
25068
24684
23062
25011
22510
24962
25177
22886
25230
25008
23448
25388
26968
27739
25320
22670
25168
25176
23130
25078
22041
25136
24629
22794
28922
25829
23065
24645
22350
25545
25281
22740
24986
25116
22926
25253
23042
26392
26881
23040
25220
24969
23481
25272
22432
25234
27297
22616
24864
25348
22224
26401
22788
25016
25013
22280
24913
24889
22671
24768
22475
26580
24900
22616
25572
25151
22296
24743
22698
25274
25335
22942
25288
25031
23713
25261
22669
25262
25349
22845
24884
25122
22510
25238
22679
26276
25113
22638
25241
25116
22769
25318
22375
25255
24994
22590
25403
25321
22602
25008
22572
25616
27007
23267
24978
24959
28035
25924
22831
26575
24878
22945
25314
25465
22229
27268
22631
25200
24948
23147
25364
25328
22813
25179
22442
24966
24986
22881
25495
25498
22292
24790
23111
26415
25443
22819
24873
25208
23377
24868
22524
25366
25227
22782
25074
25445
22565
27335
22479
25504
25182
22651
24853
25163
22689
25726
22708
26352
24892
22723
28490
24662
23122
24961
22704
25150
27055
23497
25205
24906
23488
25293
22288
25186
25109
22709
25070
25255
22894
26701
22505
26288
25001
22118
24904
25800
22717
25243
23006
25294
25269
23176
25241
25195
22333
25377
22441
24703
25202
22776
25164
24959
23568
25334
22398
26212
25169
22678
24383
25088
22620
25180
22403
24960
24960
22832
25297
24579
22749
25291
22775
25197
24836
22973
25221
25127
22941
25289
22398
25899
26882
22478
24993
24311
23740
25614
22969
24644
25178
22638
24939
25232
22937
27432
22401
25340
24746
22703
27416
24628
22803
24929
22274
25805
25015
22667
24994
24993
22762
25318
22391
25242
25108
22877
25485
25530
23552
25233
22534
25062
25174
22709
24952
25001
25252
35099
22211
26393
24982
22605
24563
25262
22924
24902
22299
25583
25325
23057
24776
25199
22683
25346
22631
24973
26811
22925
24994
25415
23470
25411
22900
26544
25328
22856
24492
24959
22307
26614
22831
25145
79557
25533
26347
25578
22996
25358
22872
25953
25382
22814
25533
25536
22697
25359
22960
25283
27624
23174
25249
25206
23866
25894
22989
25510
27053
22307
25333
25912
22947
25454
22450
26986
25369
26634
26079
25506
22975
25400
22527
25701
25222
22893
25328
25371
24626
25726
22732
25337
27833
22590
25062
25419
22771
25503
23062
25307
25089
23394
25296
25288
22892
25607
22806
25324
25484
23093
25318
25250
23245
25415
22641
25913
26303
22932
29629
28267
25427
25305
22143
27901
25660
22893
24966
25395
23070
25382
22935
25470
25282
22733
25552
24934
22964
25272
22561
26889
26553
22918
25014
25233
23043
25310
23091
25957
25053
22709
25472
25568
24602
25150
22469
25593
28472
22937
25299
25505
22650
25129
22545
25886
26500
22897
25023
25212
22882
25220
22675
25643
25525
22935
25556
24839
22615
25032
22920
25722
25503
22717
25321
24880
22791
25128
22548
25012
27628
22886
24973
25597
22786
25352
22158
25187
25098
23113
25502
24908
22329
25291
22709
27032
24689
22681
25056
24904
22869
24591
22409
25363
26307
22966
25467
25238
24640
25384
22479
25380
25996
22661
25034
25316
22746
25435
23358
25264
25505
22850
25456
25308
22758
24641
22781
25348
26433
22846
28762
25443
22587
25068
23156
25823
24816
22860
25279
25195
22870
25338
22696
25810
26355
23037
25346
25481
23016
25256
22574
25475
26033
22388
25133
25001
21993
25420
22095
27163
25282
22554
25187
25081
22699
25322
22780
25549
25540
23071
25261
24887
24860
25512
22945
25469
27890
23454
25586
25017
22437
25150
22559
24847
25212
22929
24972
25248
22307
25058
22443
25391
25191
22987
25427
28194
22626
25032
22972
25175
26663
22924
25287
25342
23012
25037
22519
25306
26044
22685
25007
25564
22812
25337
22576
25251
25514
22908
24989
25687
22602
24714
22913
27237
26561
23304
25435
24911
22962
25285
23072
28926
26331
22739
25205
24929
24640
25569
22657
25351
26469
22966
25097
25165
24423
26091
22905
27097
24716
22520
25299
25219
23036
24718
22544
25685
25170
22793
25197
25711
22600
24851
22722
25387
26245
22947
25121
25358
22981
25233
22638
26220
25808
22452
25199
25477
22860
25297
22933
25243
25178
22693
25169
24982
22726
24877
22533
27190
25406
22651
25401
24963
22956
25345
22404
29391
24816
22733
25044
25345
25230
25461
22805
24955
26067
22923
25258
25416
23109
25383
23005
24687
24965
22770
25342
25513
23061
25348
22247
27013
25248
23379
25300
25423
22921
25125
22753
25330
24892
22919
25412
25549
22267
25329
22689
24602
26066
22947
24841
25335
22636
25263
22215
26802
24881
22571
24966
25107
22991
25293
22436
27168
25372
22894
25493
25275
22713
25186
22694
25229
25126
23638
26052
24944
24559
25351
22745
26239
26321
23004
25440
25179
22774
25351
23034
25376
25057
22734
25565
25063
22792
24790
22083
25264
29942
26657
25326
25429
22991
25192
22606
27100
24961
22759
25269
27454
22753
25553
22947
25168
26018
22325
25394
25713
22757
25517
23085
25388
25460
22713
24954
25375
22475
25348
23104
28225
25380
22675
24963
25265
22945
25703
22983
24752
25078
23129
25017
25309
24805
25386
22703
25303
26089
22917
24870
25107
22720
25318
22768
26425
25189
22761
25152
25478
23031
25327
22678
25286
24557
22942
27574
26224
22948
24984
23022
25449
25169
22734
25250
24894
23174
24979
22817
26665
26339
23124
25215
25433
22349
25064
22597
25251
25843
23036
25351
25453
22369
24799
25708
27312
25010
22995
25145
25515
22839
25829
23044
26607
25118
22644
24803
24920
24947
25289
22675
25371
28112
23366
24742
25520
23231
25538
22358
25227
25287
22922
25444
25250
22355
25039
22736
26904
25279
22818
25417
25564
22669
25074
23089
25368
25306
22977
25328
25246
22750
25074
22772
25211
25981
22494
25716
25215
23218
24984
22723
26422
25219
23264
25016
25130
23106
25329
23030
27214
25515
22703
25012
25334
22708
25344
22488
25435
24999
22893
25393
25559
24628
25463
22643
26532
28719
22972
25096
25223
23036
24825
22363
25211
25518
23208
25399
25452
22726
25582
22747
25762
25357
22698
25129
25433
22700
25320
23037
26847
25333
22995
25523
25710
23305
37981
22412
25464
26111
23227
25059
25498
22593
27886
22950
25306
25768
22730
25067
25496
22852
25181
22960
28444
25318
22838
27027
24881
22771
25243
22528
25461
25953
22752
25435
25120
25039
25254
22931
25359
25865
23247
25128
25702
22235
24998
22929
26870
25089
23110
25389
25366
22710
24999
22597
25280
25263
22840
25541
24995
22688
25134
22806
25278
25060
22730
25034
25147
23062
25339
23010
26635
26691
22572
25246
25425
22878
25133
22512
25204
25009
23322
24919
25447
22821
25273
22780
27075
25225
22797
24985
25385
22646
25172
22669
26368
25285
22914
25413
25675
24695
24928
22589
25346
25951
22520
25142
24923
23052
24948
22757
25186
25260
23352
27649
25484
22847
25339
22548
26081
25327
22724
37208
24960
22671
25424
22533
25173
25726
22390
25005
25018
22739
25207
22888
25585
26276
23034
25319
25058
22662
25022
22552
26972
25657
22933
24964
25462
22960
24968
22435
26429
24834
22856
25060
25244
22896
25563
22789
25309
25159
22781
24977
25244
24796
25794
22528
25995
26105
22698
24924
25580
22660
30077
22232
24942
25553
22782
25020
25121
22765
25002
22925
25361
24967
22761
24969
25896
23002
25288
23106
27125
25190
22732
25160
25180
23096
25427
22483
25277
26256
22621
25256
25441
23331
25153
22407
25029
25591
22961
25152
25464
22690
25503
22800
30776
24767
22754
24961
25430
22563
25388
22805
25649
25094
22973
24883
25397
24595
25547
22855
25258
26068
22911
25854
25819
22913
25671
22933
26671
25010
23073
25382
24912
22794
24557
23043
25675
25374
23048
25296
25309
22908
25273
22668
24980
25414
23089
24783
25280
22759
25294
22706
26462
26020
22982
25272
25483
22770
25084
22380
24944
25060
23037
25333
25124
22531
25254
21829
27056
24822
22793
25168
25235
22265
25434
22981
26735
25361
22811
25461
25250
24769
25608
22704
25535
26316
22723
25298
25240
22959
25578
22701
25463
25395
22465
24956
25228
22675
25338
22414
26325
24778
23047
25208
36144
22692
24880
22910
25576
25277
22981
25179
25335
22647
25242
22976
25230
26237
22639
24705
25631
22766
25093
22187
26858
25276
23080
25435
25164
22909
25319
22899
28391
25247
22756
25165
27267
23029
25746
22596
28054
37131
22665
24839
25036
24687
26498
22719
25388
26322
22350
25188
25215
22971
24939
22640
25318
24950
23377
25436
25319
23049
24958
22540
25296
25412
22915
25335
25549
23031
26214
22679
25023
25186
22663
25226
25306
22950
25259
22506
25618
25862
22588
25257
25136
23069
24890
22465
25146
25177
22650
24976
25231
22812
26999
22912
27088
25577
22906
25394
25721
23067
25355
23062
28362
25173
22351
25220
25273
24621
25347
22620
25297
26474
22559
24598
25303
22628
26488
22134
25368
24953
23105
25198
24843
22926
24903
22714
25794
25339
22938
24822
24657
22957
25065
22578
25609
25198
22808
25198
25107
22884
26899
22733
25360
26330
22605
24901
25117
23029
25083
22562
25197
25294
24998
24888
25150
23504
25392
22495
26705
25136
22792
24910
24587
22815
26741
22708
25473
25618
22683
25490
25342
24345
25167
22610
25210
28324
22673
25160
25455
22982
25202
23082
25290
24813
22635
25288
26160
22956
26867
22942
25398
24972
22962
25226
26816
22623
25391
23082
25613
25196
22126
25195
27482
22497
25274
22556
24999
25910
22764
25339
25618
22415
26261
22161
24947
25309
22772
25247
24963
22335
25506
23041
27095
25447
22662
25090
25357
22913
25567
22914
25278
25066
22690
25255
25371
27121
26732
22781
24925
26182
22711
25148
25200
22929
25905
23096
25228
25001
22389
25087
25098
22290
25434
22490
25010
25009
23299
24851
25228
22691
26394
22310
25423
25825
23050
25303
25002
25345
24729
22932
25358
26404
22838
25052
25538
22679
24992
22569
25461
25215
22786
25215
25290
22727
26386
22491
26779
25395
23001
24787
25341
23065
24858
22528
25596
25160
22788
25498
25411
24728
25477
22494
25281
28243
22821
25294
25562
22652
26309
22845
25222
25204
22784
24997
24873
23180
24986
22415
25553
25542
22820
24762
25332
22655
25348
22948
25253
25176
22648
24942
25249
22656
26199
22595
25310
26160
22708
25156
25402
22661
25223
22529
25030
24549
22776
25294
25455
22925
25235
22404
27045
24969
22932
25204
24704
25686
26961
22385
25591
25358
22961
25138
25049
24124
25036
22171
25277
31198
22915
25271
25196
22673
25291
22834
25454
25390
23424
25250
25551
22792
26437
22713
25315
25298
22613
25133
25240
25326
25318
23088
25904
25240
22965
25418
24850
22520
25395
22491
25227
26653
22922
24800
24833
23022
28600
22765
25278
25309
22943
25187
25047
22417
25377
22439
26658
25441
22840
25453
25619
22753
25194
22469
25289
25265
22801
24874
25222
24733
26616
22428
25472
26113
22900
25028
24932
22997
24946
22944
25743
25135
22787
25260
25338
22327
25217
23019
25908
24828
22657
24977
25340
22697
25930
22598
25408
24970
22967
25161
24980
22702
25030
22503
25209
26085
22985
25220
25287
22852
25082
22423
24968
25592
22622
25047
24501
22673
26590
22962
26999
25202
22730
25139
24755
23063
24966
22238
25805
25292
22881
25241
25521
24659
25544
22834
25353
25815
23049
24680
24848
22934
26305
22510
25304
25278
22937
27073
25087
22721
25379
23017
25650
25687
22973
25289
25457
22793
25558
22787
25610
25291
22470
24937
25379
22764
26251
22705
25204
26436
22455
25208
25406
22495
25289
22510
25407
25284
23144
25383
25066
23258
25333
22486
26270
25228
23174
24811
25511
23155
27007
22916
25433
25003
22910
25220
25241
25157
25529
22549
25465
25806
22567
24955
25280
22739
25262
23051
25112
24935
23016
25199
24767
23263
26655
23099
25558
24992
23153
25285
25672
22580
25188
22712
25171
25212
23002
24859
25002
22687
25600
22793
25358
26234
22664
25284
26060
23021
25988
22430
25113
25039
22993
25196
25554
22909
25353
22450
28658
24824
26160
29276
27313
22971
25350
22782
25556
25343
22852
24966
24980
24302
26866
22170
25844
26556
23084
25862
24574
22511
25271
22597
25048
25563
22259
25264
24663
22774
25102
22937
25543
25233
22467
24685
24864
22651
26314
22905
25463
25197
22956
25224
25448
22885
25198
22488
25249
26286
22664
25338
25319
22682
25332
22338
25085
25233
22906
24991
26056
22815
26678
22919
27280
31737
23242
25114
24934
22618
26439
22085
25473
25202
23247
25374
24900
24539
25605
22468
25745
27799
22683
25159
24971
22662
26427
22756
25141
25044
22646
25526
25568
22586
25686
22822
24935
25186
22528
25355
26954
22937
24954
22624
25866
25348
23157
26540
27142
22825
25674
22763
24712
26342
22857
25544
25060
22862
25201
22500
25285
25109
22399
24724
25373
22375
25191
22814
27268
25043
22662
25500
26168
23079
25406
22758
25245
25145
22950
25693
25049
24599
25635
22757
25298
25994
22909
25318
25106
22839
25185
22562
25614
25485
22813
25149
26050
23453
25310
23328
25171
25568
22704
24968
24948
22919
25483
22900
25466
24567
22865
25092
25279
22230
24763
22878
25951
26061
22138
25270
27013
22649
25625
22753
25508
25326
22741
25570
25268
22487
25430
22423
27251
26122
22646
25158
25515
23049
25305
23051
26647
25235
23043
25285
26433
24698
25323
22367
25263
26050
22744
25328
25501
22826
25380
22503
24932
25164
23192
25227
24998
22625
25269
22339
26171
25036
22575
25324
26895
22483
25455
22706
25647
25347
22710
25076
25331
22976
25392
23099
25149
25557
22739
24936
25670
22886
25349
22209
25116
25058
22816
25821
25932
25509
25305
22704
26839
25219
22891
25479
25250
22608
25039
22857
25168
25133
22712
24980
25224
24515
25490
22448
25368
25881
23026
25264
26662
22651
25321
23046
25237
25592
23026
25152
24467
22839
25020
22519
25749
25378
22684
25100
24901
22627
25071
22872
25771
24713
22675
25266
27460
22686
25636
22978
25356
26467
22823
24582
25076
22497
25884
22392
25384
25330
22517
25742
25332
22938
25425
22668
26493
24870
22703
25326
26735
22311
25161
22489
24984
24939
22663
24911
24850
25276
25539
22878
25407
26546
23109
25345
25214
22250
25231
22854
25303
25184
23420
25801
26794
22845
25301
22515
25130
25075
22759
25121
25811
22959
25301
23036
25488
25204
22833
24679
25625
22538
25231
22716
24745
25816
22864
25601
27064
22781
25432
22390
25725
25299
25329
24936
24937
22779
25211
22375
27290
25228
22151
25261
25517
23272
25072
22515
26487
25181
23105
25126
26159
25099
25428
22969
26495
27880
22665
25323
24932
22715
25123
22993
25529
25159
22576
25219
25088
22747
25387
22478
25157
25093
22958
24658
26816
22886
25233
22673
25549
25265
22800
24974
24687
22599
24937
22304
24930
25568
23135
25011
25450
22761
25365
22254
25576
25628
22662
25316
26002
22798
25279
22496
27100
25152
23263
24903
25292
22794
25325
22917
25459
25231
22780
24821
25060
24620
25184
22739
25023
25902
22879
25277
26201
22745
25409
22760
25538
25011
23110
25297
25307
23150
25241
22762
25439
25287
23525
24976
25539
23182
24906
22913
25671
25172
23219
25149
26542
22614
25476
22758
25523
26272
23033
25338
25111
22516
27294
22657
25294
24870
22674
24997
24995
22742
25482
22209
26943
26230
22567
25363
26603
22669
24759
22355
25333
24876
22516
24990
25194
24647
25623
22801
25623
25863
22943
25004
25582
22843
25562
22520
25020
25237
22860
25447
26509
22738
25330
23047
25349
25311
22387
25280
25153
22308
25400
22805
24845
27749
22567
25050
25333
22469
25065
22543
25249
25870
22736
24912
26875
22909
25806
22390
25414
25271
22866
25299
24933
22664
24893
22877
27463
25397
22684
25201
25462
22747
25367
22425
25624
24738
22851
24953
26296
24834
25836
22361
25250
27963
22590
25215
25546
22453
24943
22660
25339
25341
23116
27560
25201
22697
25278
22537
25229
23958
22709
25085
26332
23012
25554
22747
25142
25032
22747
25305
25272
22213
25141
22909
24730
26617
22987
25001
25170
22959
25094
22892
24794
24745
22691
25250
26759
22267
25161
22479
27147
25228
23061
25066
25280
23144
24582
22464
25340
25146
23184
25459
25694
24649
25662
22568
25308
26161
22687
25405
27126
22716
25314
22673
25605
25298
22791
25058
24715
22954
25537
22135
25558
25464
22646
25145
26030
22884
25014
22752
25644
25481
23101
25184
26698
22646
25748
22955
25247
25698
22681
25099
25303
23108
24944
22438
25467
25282
22934
25442
25503
23146
25213
22562
29118
24939
23157
24420
26330
22840
25081
22447
25579
25323
24138
25447
24784
24524
25265
22416
25054
26458
22791
25260
25708
22858
25598
23089
25221
24801
22927
24692
26402
22387
25318
27794
25242
25065
22665
25204
25404
22369
25422
22782
25699
24872
22882
25233
25468
22256
25208
28399
27850
28673
22960
25833
27186
22811
25375
22581
25320
24888
22788
25112
24655
22744
25203
22236
26695
25304
23047
25336
25350
23004
25167
22804
25464
24983
22515
24932
26718
24775
25727
22566
25790
26121
22873
25391
25339
23694
25637
22837
25282
25021
22835
25180
25130
22924
24890
22168
25497
25134
22308
28643
25587
23034
24687
22941
25396
25110
22855
25481
25229
22699
24576
22980
25269
26099
22887
24940
24823
22598
25188
23068
25369
25176
22946
26134
25124
23017
25202
22555
27029
25349
22363
25232
25362
22856
25325
22447
25568
25270
22871
25060
24995
24637
24858
22791
25339
26181
22826
26748
25241
22707
25017
22916
25169
25555
23170
25376
25356
22996
25335
22966
25206
25055
22493
25325
25336
23083
24972
22175
25006
25005
26211
26825
25422
23030
24988
22717
25056
25886
22286
25368
25258
23241
25285
22596
25283
24983
22609
25119
25262
22875
25524
22517
26644
25445
22685
26630
25319
22926
24973
22773
27760
25167
22422
25342
25070
25263
25456
22186
24599
26156
22760
24607
25096
22807
24991
22561
25060
24965
22867
26681
25433
22643
25271
22872
25740
25171
22764
25061
25463
22965
24964
22706
25687
25257
22690
25352
25506
22716
25360
22692
25111
26623
22641
26595
27941
22909
25090
22282
25091
25149
23087
25313
24867
22417
25448
22591
27239
25353
22362
25302
25230
22832
25260
22719
24857
25602
22958
26322
25472
24760
25275
22144
25156
25943
23056
25233
24048
23050
25002
23069
25297
25418
23101
24849
25003
22705
25262
23076
25400
25533
22333
26165
25329
22464
25343
22307
25283
25015
22813
25039
26935
22614
25306
22848
25359
26611
22781
25472
25722
22573
25036
22465
25261
25361
22589
26366
25420
22992
25398
22329
27451
25436
22805
25222
25447
22723
25506
22898
25210
25130
23087
27505
25671
24537
25747
22796
25128
26121
22885
26201
25497
22861
25180
22696
25024
25421
23193
24983
25090
22479
25267
22811
25275
25532
22984
24591
25426
22564
25035
23373
25718
24793
25222
35205
25336
22640
25231
22513
25316
26332
22533
25001
24984
22920
25382
23047
24820
25042
23024
25040
24928
22913
25345
22401
26517
25619
22632
26369
25219
22626
25540
22326
25000
25103
22736
25046
24968
24521
25539
22531
25408
30246
22541
25201
25446
22891
25389
23086
24325
25305
23071
26568
25352
23038
25246
23161
25277
25171
23206
25138
25330
27973
28457
23023
25594
25275
22950
25320
25155
23198
25354
22659
25030
25976
22807
26236
25209
22801
24940
22597
25041
25434
22806
25839
25382
22742
25413
22611
27336
25491
22748
25226
25419
22648
24714
23012
25245
25403
22988
26557
24665
24508
25405
22536
25010
26220
22596
25608
25271
22287
24624
22546
25116
24947
23155
25378
25086
22377
24972
25155
24821
24566
22791
26999
25472
22669
25367
22916
25859
25255
22937
25507
26327
23030
24775
22509
25218
26324
22617
25136
25492
22972
26989
22540
25388
25371
22647
26696
25189
22598
25770
23051
27285
25477
22909
25665
25281
22962
25109
22455
25273
24991
22602
24928
25099
24607
25374
22907
25650
26433
23048
26693
24671
22716
25419
22777
24863
25446
22855
25222
25132
22906
25077
22760
25261
25241
22933
25224
25032
22709
25342
22464
25532
24973
23039
26405
25148
23049
25260
22312
25207
26193
22855
25191
25454
22701
25275
22752
25196
25573
22777
24664
25191
22956
25037
22534
27171
25283
22547
26357
25242
21956
24963
22565
25130
25451
22803
25288
25700
24480
25814
22794
25357
26188
25287
25485
25385
22823
24960
22457
25123
25304
22976
28193
25000
22204
25288
22456
25050
25188
22619
25509
25197
22784
25066
22560
25601
24928
22478
25301
25473
22615
25460
22757
25390
26422
23130
26784
25204
22837
24944
22527
25068
25280
22931
24835
25779
22906
24606
22511
27019
25417
22925
25083
25055
23009
25305
22864
24966
25759
22874
26542
25089
24864
26021
22340
25793
25097
22627
25133
25076
22571
25823
23169
25321
25166
22436
25167
24917
23203
25167
22540
25284
24827
22496
26528
25478
22505
24412
22212
25203
25366
22916
25644
25358
22633
25568
22728
25534
26366
22655
24959
25649
22664
25224
22613
25031
25054
23060
26405
27853
23735
25214
22701
28634
25313
22741
25291
25369
22586
25231
22608
25689
25380
22949
25223
25334
24497
25017
22984
25147
26235
22617
26281
25481
22304
24890
22890
25329
25190
22730
25149
24866
23055
25321
22180
25203
25183
22641
25284
24909
22724
25210
23142
25174
24956
22626
26577
25258
22994
25053
22426
25378
26012
22834
25038
25511
22957
25121
22419
25488
25663
22778
25338
25504
22270
25280
22881
28502
27043
22808
25463
25494
22256
25115
22337
25223
25639
22636
25413
25298
24274
25471
22841
25505
26203
22540
24847
24963
22980
25292
22548
25162
26746
22789
25250
29466
22371
25003
22931
24967
25003
22714
27162
25843
23080
24645
22627
25176
25544
22621
25277
25270
23068
25944
22934
25056
27822
22679
24995
25304
23263
25242
22384
25547
25268
22937
25147
25087
22707
24917
22489
27353
25284
23400
37612
25644
22659
25597
23067
25398
26304
23134
25105
25090
24541
25605
22748
25643
26170
23107
25265
25045
22742
25132
22626
25046
24789
23008
24987
25505
23198
25498
22964
25354
26685
22874
25391
25481
22677
25591
22904
25053
25319
22777
25067
25082
23026
25309
22212
25474
25892
22569
25240
26200
23055
25374
22167
25062
26238
22565
25491
24944
22989
25158
22517
26872
25726
22501
25259
25453
22730
25349
22785
26839
25083
22818
25480
25415
24010
25285
22388
25158
29201
23145
25259
25975
23192
25298
22773
25179
24699
22950
25267
25125
23351
24942
22532
25312
25244
23074
25169
25761
22730
25346
22595
25754
26522
22670
24889
25378
22769
25525
22692
24539
26651
22890
27630
25300
22869
25364
22715
25201
25332
22953
25130
25145
22138
25602
22523
27218
26582
22739
24973
25164
22601
24738
23083
25864
25876
22854
24681
25243
24605
28610
22567
25497
26465
22885
25385
25350
22945
25534
22771
25249
25986
22701
25119
25502
23086
25386
23081
25493
24680
23496
25130
25159
22608
25122
23068
25591
25121
22600
24977
26884
22611
24936
22809
25240
32217
22706
24922
25067
23137
25118
22563
25215
25397
22943
25446
25510
22238
25196
22714
27047
25609
22744
24860
25454
22395
24751
22240
25637
26392
22721
25137
25121
24518
25247
23048
25309
26059
22937
25300
24971
22533
25529
22782
25238
24898
22393
25271
24944
22981
25380
22529
25240
25977
23012
25083
25438
22305
24933
22535
25393
25184
24673
25224
24770
23021
25688
22715
25579
26239
23054
25324
25540
22573
25270
22488
25340
26666
22770
25269
25495
22547
25014
22642
26998
25150
22734
25490
25166
22655
25292
22681
24976
24960
23171
25389
25489
24564
25473
22459
25106
29565
22516
25231
25523
22831
25128
22210
24618
25614
22843
25267
24998
22726
25210
22362
25134
25286
22663
25126
25003
22855
25116
22906
25017
26859
22738
25541
25441
22652
27308
22972
25611
26052
22596
25359
25420
22861
25560
22714
25355
25862
23172
25218
25179
22559
25391
22674
27174
26490
22895
25320
24439
22738
24994
22934
25452
25615
22777
25097
24685
24661
24990
22473
25751
30753
28571
28823
25289
22826
25548
22528
24869
26406
22419
25138
25357
22885
25179
22544
24890
24857
22947
25242
25271
29319
26158
22772
25589
25035
22777
25340
25360
23064
24961
23065
25851
27862
22849
27297
25329
22976
27559
22780
25295
25331
22959
25275
25125
22748
25313
22845
27127
25253
22686
25085
25157
22970
25124
22748
25534
26142
22762
24981
25269
21763
25283
22653
25340
26830
22697
24810
25136
22615
25272
22471
25472
25842
22668
25190
25137
22663
25148
22138
25272
26683
22849
25526
25524
22703
25541
22908
26106
25252
22774
25251
25177
22828
25517
22908
25049
26405
22937
26727
25570
23044
25291
22635
25318
25777
22739
25754
25369
22558
25169
22377
26940
25224
22710
25499
25386
22643
25824
22734
25227
25363
22828
25251
25334
22787
27846
22790
25194
27573
22992
25230
24822
22671
25410
22632
25499
25362
22886
26921
25183
22663
24800
22575
25427
25309
22956
25286
25587
22645
25062
22892
25567
26849
22655
25086
25259
23137
25517
22014
25041
26245
22639
26976
25603
22718
26098
23027
25516
25801
22202
24624
25409
22681
25519
22800
26935
26539
22975
25336
25087
22913
24825
22642
25345
25087
22853
25068
25297
22903
25061
22558
25161
26003
22901
24844
24903
22557
24569
22794
25530
30660
23069
25446
25510
22660
25103
22773
25588
25423
22693
25043
25341
22658
25015
22577
24856
25191
22819
25646
25185
22805
25336
22614
25467
27148
22934
27178
25419
22742
25201
22857
25127
25113
22786
25303
25199
22799
25249
22578
27580
25538
23074
25285
25043
22853
25246
22423
25912
26451
22705
25609
25063
23046
25326
22480
25447
28510
22631
25222
25327
22842
25646
23047
25686
25212
23184
25620
25335
22765
25625
22505
25346
26481
22385
25062
24960
22578
25131
22911
25426
25362
22764
27043
26059
22718
25083
23381
26362
26268
23002
26664
25194
22593
25135
22234
26758
25285
23028
25547
25567
22517
25317
22778
26900
25726
22620
25326
25499
22041
25245
22140
25641
25253
23036
24997
25617
22790
25373
22777
26227
26496
22677
25031
24652
22681
25832
22670
25017
24961
22798
25403
25754
22627
24682
22783
25536
25263
23278
26733
25305
23350
25329
22551
26493
25322
22599
25213
25466
22636
25145
22409
25468
25789
22984
27012
25459
22693
25271
22993
25236
25173
35283
25221
25015
22990
25377
22630
28321
25010
22802
24967
25129
22657
27954
23841
27922
25052
22883
24816
25196
22609
25080
22422
25379
25954
23147
25157
25028
23056
25279
22807
26647
25926
22937
25244
25222
22663
25292
22168
25046
24965
22630
25229
25263
23120
24714
23088
25482
25299
23233
25346
25219
22830
24924
22793
27419
26203
22696
27040
25636
22631
25094
22909
25303
24801
22909
24496
25358
22745
24990
22693
27500
25381
22462
25217
25285
22614
25341
22360
28838
25656
22527
25303
25011
22866
25199
23535
25739
26235
22875
25441
25599
22894
25144
22919
25013
25272
23011
24756
24888
23163
25306
22582
26281
24669
23118
24835
25397
22284
25198
22530
25583
24960
22679
24958
25270
23045
25553
22363
25383
26546
22498
26964
25495
22859
24782
22479
26594
25666
22635
25268
25632
22697
25651
22997
27555
25131
22679
24979
24738
22677
25272
22509
25594
25303
22573
24488
25000
22859
25287
22850
26913
26202
23015
25146
25220
23210
25398
23028
25398
25164
23086
24978
24984
22732
25355
22552
25320
25455
22870
25120
25309
22767
25420
23098
26771
25232
22780
24957
27038
22891
25393
22582
25376
25568
22773
27061
25011
23220
25155
22632
25267
25200
22345
24799
25059
22676
25346
22493
28121
24924
22782
24865
25236
22684
25292
22723
25313
25020
22675
25062
25338
23228
25564
22568
25327
26004
22931
25559
25316
22654
25487
22469
26676
25063
22768
25394
25529
22679
25633
22898
27661
25336
22713
25640
25526
22806
25327
22689
25878
25538
23167
25089
24694
23107
25261
22649
28696
26667
22837
27085
25541
23003
25177
22709
25509
25206
22821
25220
25547
22719
25474
22386
27352
25175
22632
25109
24911
22952
24755
23004
26754
25302
22973
25298
25000
22715
25603
22978
24705
27937
22656
24986
25556
22708
25381
23018
25305
25345
23012
25265
25446
22516
25396
22549
26860
25684
22241
24903
25277
22504
24830
22842
25119
24738
22980
24977
25686
22683
25278
22448
25293
25906
23032
27082
25233
22528
25345
22592
26712
25608
22751
25750
25346
22904
25500
22703
27259
25005
23077
25293
25293
22933
24983
22584
25363
24996
22989
25062
25357
22437
25309
22676
26630
26247
23176
26336
25446
22742
24925
23060
24923
25304
22883
25169
25405
22677
25750
22940
25289
25267
22603
25030
25280
22646
25450
22206
26850
25206
22715
24983
25533
22747
25580
22504
24969
26194
22900
26905
25532
22628
26353
22771
25237
25330
22729
25140
24960
27893
29018
24986
28693
25504
22806
25052
25321
23016
25369
22673
25330
25346
22569
24781
25027
23145
25217
22483
25483
31127
23184
25111
25245
23162
25006
23265
26736
25266
22700
25363
25039
22933
24854
22470
25384
25425
22859
25263
25380
22594
25076
22265
25668
25380
22912
25188
24591
22982
25369
22569
26509
26203
22628
27087
25503
22712
25444
22063
25181
25289
23001
25283
25036
23069
24615
22494
27308
25760
23058
25284
25374
22907
25060
25781
26970
25112
22642
25007
25013
22843
25321
22795
25426
26633
23108
25261
24837
22949
25365
22691
25568
25706
22868
27138
25305
22892
25486
22990
26932
25357
22970
25163
25156
22609
25006
22624
25100
25406
22843
25201
25118
22608
25322
22992
25324
26425
22382
27072
25375
28880
24953
22479
26951
25473
22910
25182
25174
23074
25343
22287
26843
25724
23081
25329
25183
22668
24969
22766
25591
25327
22469
25250
25419
22881
25250
22729
25515
25964
22942
25066
25150
22635
24945
22451
25529
25303
23330
25247
25225
23022
25125
22835
24853
25275
22744
25257
25475
22897
25100
22604
26542
25476
22608
25204
24952
22735
25480
22730
25461
28708
22819
27178
25165
22942
25119
22982
25417
25637
22324
24979
25590
22941
25373
37726
30522
25165
22834
25126
25412
22960
25399
22917
25137
25125
23079
24915
25065
22795
25144
22779
25351
26296
23252
24757
25297
23870
26976
22734
25294
25338
22755
25302
25961
22863
25446
22563
25281
24979
22938
25382
24671
22581
25455
23091
25853
25827
22837
25337
25607
23072
26320
22819
25315
26056
22839
27143
25472
22791
24825
22528
25313
25153
23138
25246
25244
22867
25373
22995
27513
25204
22438
25165
25409
22801
26658
22572
25094
25062
22677
25323
25307
22828
25458
22888
24990
26242
22763
25328
25435
23374
25585
22635
25127
25001
22786
25256
25434
23410
26647
22549
25318
25431
23207
27090
24398
22994
25135
22542
25116
25137
22936
24932
25191
23246
25238
22240
25321
25599
22672
27005
25539
22633
26279
22183
25183
25310
22902
25483
25317
22629
25310
22572
26611
25632
23115
25381
24719
22478
25454
22522
25195
25293
22978
24912
24940
22990
27050
22881
25236
29235
23192
25002
25060
22731
25364
23074
25460
25534
22796
25418
25309
22612
25272
22772
25351
25341
22861
24709
25072
22667
26147
22919
25880
25140
22628
25120
25132
23183
25462
23055
25249
25988
28532
30681
26056
23075
25342
22421
24985
25093
22780
25208
25057
22646
26781
22943
27264
25323
23036
25305
25406
22355
25326
23093
27075
25079
22737
25225
25459
22751
25239
22539
24999
25784
22904
25295
25271
22903
26933
22781
25531
25299
23048
25405
25608
22738
25596
22688
25211
25735
22998
25249
25377
22675
25353
22547
25843
25661
22711
25348
25620
22699
26565
22962
25000
26447
22955
26524
25680
22597
24717
22787
25320
24918
22530
25063
25096
22710
25056
22506
27713
25731
23241
25234
25451
22681
26708
23031
25499
25301
23080
24879
24942
22751
25333
22697
25153
25766
23071
25593
25517
22678
25325
22971
25329
25977
22937
25801
25432
22441
26434
23048
25528
25287
22993
24857
25155
22657
25624
22890
25372
24711
22504
25322
26060
22381
25291
22573
25093
25993
22749
27676
25557
22910
26654
23151
25257
25109
23464
25258
25129
22613
24996
22560
26585
25658
23118
25318
25044
22640
25348
22683
25570
25485
23091
24943
24928
23083
26435
22781
25744
28207
22573
25135
25817
24115
36701
23035
25128
25065
22809
25154
26000
22747
25058
22481
25215
25225
22786
25185
25054
22660
26325
23172
25689
25421
23030
24872
25293
22895
25367
22426
25333
26409
22729
26961
25387
22781
25195
22885
25146
25595
23196
25262
25567
22670
26925
22565
27784
25292
23098
24566
25331
22961
25210
22911
25570
25542
22744
25481
24697
23118
25164
22801
25090
27937
23123
24994
25267
23081
26507
22255
25166
25166
22871
24868
25323
22546
25008
22994
25504
25328
22702
25207
25308
22188
25507
22840
25433
25427
23132
24774
25587
22613
26135
22818
25667
26348
22158
26655
25957
22630
25365
22473
24899
25449
22928
25462
25446
22595
25657
22462
27796
24904
23126
25243
25265
22634
27416
22853
25357
24915
22987
25297
25552
23108
25303
22681
25316
26531
23522
25418
25499
22657
25121
22573
25275
25339
22811
25599
25144
22695
26117
22661
24701
24695
22941
25422
25148
22605
25286
22830
25928
25441
22718
25289
25362
22687
25446
22930
25538
26261
22492
27289
25236
22969
28248
22544
25645
25367
23082
25271
25649
22579
25369
22495
27264
25703
22459
25225
25085
22899
24949
22266
25478
25487
23299
24840
24946
23089
26843
22146
25538
26483
22696
25030
25149
22066
25374
23115
25403
25525
22704
25582
25218
22673
24517
22394
25351
25031
23045
24937
25499
23139
26179
22662
30788
30861
22691
24967
25267
22972
25334
23033
25093
25838
22732
26965
25553
22744
25083
22704
25588
27264
22714
25281
25323
22624
26716
22466
27054
25296
22898
24847
24908
23101
24329
22832
25339
25091
22924
25362
24993
23076
25564
22487
25218
31607
22659
25294
25459
22844
26543
22900
25514
25550
22804
26654
25255
23033
25326
22346
25492
24999
22746
25547
25420
22906
25334
23365
25134
24933
22832
24882
25631
22685
26635
23044
25346
26437
23452
26939
25601
22866
24925
22549
25496
25363
23200
25150
25540
22678
24906
22722
27427
25739
22761
25292
24952
23018
26499
22095
25202
25298
22987
25936
25456
22890
25547
22258
25285
26132
23000
25408
25399
22987
25278
22608
25461
25092
22850
25220
25193
23143
26045
22724
25115
25339
22791
25013
25063
22578
25722
22827
25447
24886
23243
25561
24584
22644
25298
22745
25185
26067
22877
26676
25079
22772
26277
22531
25403
25249
23091
25195
25305
22529
25278
22135
28390
25733
22735
25395
25643
23049
25500
22990
25334
24999
22711
25291
26452
22978
25081
22798
25316
25970
22891
25609
24387
22630
25154
22406
25745
24712
23161
24888
25506
22796
24560
22363
25398
25473
23010
25228
26842
22666
25674
23167
25533
25110
22696
25481
25424
22948
25232
22472
25532
26181
22771
27138
25456
23136
25227
22682
25764
24893
23119
25244
26319
22889
25245
22445
27386
25015
22734
25273
25368
22763
25341
22944
25458
25588
22485
25394
24967
22996
25090
22810
25574
26412
22899
26977
27173
22949
25435
23193
25417
25341
23146
24948
40396
22617
25039
22913
24978
25388
22921
26920
25404
22671
25188
23161
25491
24815
22922
25005
26192
22724
25422
22875
25346
26265
22953
26959
25496
22299
25310
22902
24800
24975
22743
25002
24976
22753
25215
22991
27165
25011
23048
25036
26697
22857
25091
22729
25606
24775
22610
24892
25392
23007
25391
22997
25486
33056
22717
25567
24908
22928
25144
22369
25192
25017
23275
25319
27536
22585
25767
22710
25283
25727
23097
25427
25538
22712
25021
22855
25501
24989
22771
25343
25317
22952
25371
22750
25388
26197
22940
26370
26441
22804
25535
22910
25152
24920
22976
25109
25202
23319
25177
22567
27299
25459
22733
25043
24682
22508
24969
22717
27091
25463
22835
25213
26189
25103
25525
22844
25299
26375
22595
25203
25419
22372
25182
22331
25095
25911
23104
25331
24339
26666
26128
22626
25319
24908
22664
24997
26889
22617
25331
22587
24790
24990
22964
25170
25406
22817
25357
22708
25448
26584
23366
30758
25985
22947
25412
22555
25355
25278
22790
25279
26570
23016
24979
22778
27204
25357
23140
25260
25067
22444
25007
22761
25634
25233
22763
24940
24988
22954
25144
22424
24724
25876
22583
25501
26426
22575
25369
22719
25035
24913
22827
25060
25084
22921
25000
22623
25639
25185
23049
25392
25518
22322
25210
22865
25867
25239
22941
25145
27582
22661
25377
22640
24869
25875
22747
26680
24926
23222
25260
22618
25578
25345
22843
24877
25019
22878
25474
22725
27100
25294
22984
25197
25935
25945
25058
22667
25352
25080
22836
25248
25217
23166
25480
22700
24926
26654
22703
25314
25292
22878
25574
22461
25748
25317
22325
25742
26369
22509
25523
22748
24656
25197
22636
25334
24589
22663
25256
23091
25499
25394
22722
24999
24972
22891
24939
22742
25562
25548
22655
27260
27316
22903
25412
23066
25269
25399
22757
25479
25462
23263
25253
22493
27479
25305
22371
25245
25020
22945
25344
22438
25348
25240
23181
25352
26830
22831
25245
22498
25422
28145
22615
27835
26214
22664
24854
22513
25356
25167
22957
25210
25085
22265
24800
22666
25207
25617
22794
25303
26380
22640
25365
23035
25858
25436
22967
24821
25323
22650
25173
22682
25042
25285
22712
26984
25661
22566
25242
22698
27347
25236
22844
25428
27150
22948
25630
22815
27440
25379
22973
25128
25683
22879
25144
22846
25341
25288
22784
24979
25590
23101
25356
22611
25429
26814
23078
25303
26380
22773
25146
22272
24578
25492
22898
25257
24969
22744
25625
23010
25527
25473
22337
24892
25271
22733
25300
22747
25874
24891
23343
24942
26660
22666
25160
22537
25347
26344
22688
26830
25241
22902
26806
22851
25223
24958
22616
25216
25131
22710
25338
22499
27754
25172
22719
25307
27022
22872
24983
23503
25087
25299
22357
25211
25193
22898
25376
22695
25906
26441
23028
24980
25401
23123
25454
22968
25302
25722
23080
25338
26533
22743
25656
22961
25561
25859
22896
25260
26047
22892
27808
22901
25640
25320
22983
25146
25364
29363
25287
22733
25223
26268
22852
27130
26787
22740
25292
22636
25285
25571
23386
24742
25445
23153
25522
22770
26655
25388
22825
25342
26160
22847
25878
23088
25555
25509
22606
25120
26127
22863
25568
22177
25268
26374
22981
28502
29531
22821
25310
22709
25518
25328
23218
26749
25284
22958
25297
22837
25247
24773
22699
24689
26798
22873
25250
22756
25614
25307
22888
24929
25239
22350
25648
22948
25316
26619
22831
27469
25416
23226
25002
22723
25341
25025
22924
25569
26976
22757
25527
22679
27291
25279
22914
25549
25158
23097
25840
23034
25708
24905
23041
25151
24773
23106
25411
22684
25519
28601
23169
25199
26878
22507
25351
23052
25506
25607
22900
25471
25119
26163
25446
22473
25080
25916
22939
25144
25540
22380
25354
23212
25535
25042
23065
27814
25427
22778
25243
22652
24752
25947
23159
27049
25435
22731
25240
22794
25137
25048
22806
24921
25200
22772
27223
22417
27501
24921
22745
26536
25015
22715
24934
22706
25420
25405
22864
25348
25525
22798
25480
23030
25532
25787
23360
27867
25628
22732
25446
22927
25543
24969
22737
26005
24647
23072
24912
22874
25301
25126
22534
25311
24691
22650
25196
22981
25383
25548
22636
25104
25095
22647
25354
22310
26696
25905
23067
28391
25183
22755
25026
22489
24983
24925
23135
25283
25161
22628
25496
22835
27403
25192
22727
24808
25221
22645
25363
22863
25114
25536
22974
26318
25519
22914
25264
22232
25324
26621
22639
24908
25255
23163
25396
22611
24852
25071
23110
25300
25625
22926
25198
23008
25324
25190
22885
28588
25696
23149
25271
22880
25299
24993
22330
24609
25078
22868
25407
22687
25114
26536
22992
26662
25139
22709
24771
23267
25133
25879
23083
27054
25419
22980
24776
23137
27419
26028
23013
25026
25279
22777
25515
22911
25586
25394
22984
25497
25260
22926
25505
22777
25432
26307
23030
26709
25200
22714
25195
22337
25295
25446
22464
24801
25552
22814
24820
22838
24886
25063
22983
25075
25060
22684
25394
22660
25492
25501
22814
26574
25555
22611
25466
22626
25082
26177
22709
26925
27950
22750
25721
22841
25087
25212
23002
25320
25373
22449
25331
22997
27194
24940
22783
26178
25627
22978
25545
22576
27161
26206
23167
25000
25442
22801
25358
22818
25315
26322
22712
25131
25237
23050
25132
22526
25221
25035
22646
26725
25361
22961
25801
22928
25344
25255
23257
25003
25195
22775
25301
23264
25807
25467
23080
25710
25378
22656
25025
22821
25057
26411
22563
27865
25712
22841
25272
23049
25266
25202
22592
25235
25707
22895
25307
22918
27411
25355
22761
25640
25341
23043
25489
22725
26174
25397
28280
26830
25374
22934
25298
22938
25996
26469
22821
25600
25646
22827
24776
22437
25203
25131
22864
24945
25058
22944
25094
22599
25343
25232
23022
26577
25527
23236
24986
22708
25578
25176
22841
25247
26922
22626
25439
22739
25555
26168
22784
26544
25591
25078
25328
23083
25318
25515
22668
26821
25387
22909
25351
22390
26849
25249
22688
25355
25197
22737
25408
22663
25232
25335
22680
25550
25779
23034
25132
22880
25273
25717
22728
25779
24992
23117
25682
22985
25331
25171
22546
25266
25367
22899
25678
22476
24232
25419
23265
25315
25145
22354
25076
22757
25380
25319
23179
26559
25631
22470
25014
22900
25588
26358
22999
27046
25298
22983
25283
22956
25050
25573
22868
24937
25565
22997
25409
22887
26721
25585
22751
26874
25296
22566
25198
22746
25104
24722
22877
25012
25267
23079
25332
23242
25337
27504
22807
25024
24488
22986
25169
22837
25507
25101
22717
26603
25575
23031
25374
22893
25312
25145
22378
25409
24980
22910
25916
22447
25398
25299
23052
25224
25465
26274
25226
22993
25352
26164
22747
28388
26022
22646
24404
22765
24464
25579
23290
25298
Average throughput: 40172.420027 op/s latency: 24.565000 usec
Done!
