Run the test of 10000 requests
954305 blocks in total, max key is 28629151
Cache built. 2 layers 32 entries in total.
thread 0 op_count 10000
88282
40523
39150
37997
39146
37124
38934
37153
38719
36816
41838
37085
39050
37026
38895
37253
38556
37628
38708
37472
41200
37666
38842
37603
38824
37189
41681
37254
38868
37281
38723
38884
39452
40390
39307
37220
38967
37101
38320
37124
38881
37271
40922
37001
38844
37353
39347
37052
38631
36937
39138
36720
40748
38594
38733
36912
39944
37406
38758
37263
38988
36852
39176
38878
41912
37176
40194
37318
39793
37536
39823
36970
39014
36934
45299
37341
40015
37084
39475
37260
39671
37817
39633
36675
41498
38273
40816
36525
39432
37194
39772
37005
39423
36769
39326
38891
40638
37246
39825
37342
38940
37304
39306
36819
39779
37173
43868
37248
39859
36663
39696
37182
40481
37116
39646
36791
43119
38020
39236
36787
39388
37133
39897
37207
39801
37018
39762
39249
41195
37452
40406
37153
39913
36649
39290
36839
42575
37352
42850
37113
39602
37062
39564
37241
39687
37330
40866
37156
41268
38010
39576
37560
39864
37033
39608
37012
39207
37342
39428
39096
40374
37005
39571
37449
39003
37264
39588
36988
39268
37747
42091
37017
39539
37782
39981
37487
40464
37457
39466
36731
41525
38513
39922
37580
39910
36982
39671
37414
39521
37361
39387
38594
40488
37178
39460
36733
39741
37525
39236
37054
41557
37190
42018
37014
39550
38338
40497
37403
39541
37222
39697
36931
41364
38413
39506
37039
42968
42410
39514
37542
39487
36899
39752
39132
40381
37170
39591
36891
39189
37907
39472
36898
39627
36906
42273
37369
40716
37083
41506
37440
39511
36567
39139
36681
41826
37634
39562
37494
39508
37011
39408
37152
39334
36747
39642
39286
40360
37953
39801
37206
39596
38014
39638
37128
39498
37513
42861
37744
39529
36919
39440
37112
39868
36756
39058
37175
41253
39845
39674
37222
39787
37296
42517
37002
39836
37607
39424
39403
40404
37206
39647
36814
39610
37575
40303
37277
40864
37156
42403
37449
39799
37661
40207
37347
39699
37288
39589
37508
41563
38009
39674
37320
39944
37106
39888
37030
39612
37440
39417
38428
40709
37044
39522
37182
39899
37619
43141
37372
40171
37847
42361
37109
39933
36525
39855
37281
39560
37007
39762
36728
45262
38449
39552
37534
39886
37812
39856
37582
39748
36750
39639
39138
40471
37182
39455
37082
40795
37562
39661
37073
39570
37356
42186
36763
39643
37124
39645
37211
39856
37703
38995
37171
41791
38473
39960
37574
39977
37578
39823
37897
39375
36649
39379
39389
40475
37508
40878
37822
39843
37552
39967
37553
40014
37057
42608
37346
40027
37152
40158
37402
39596
37178
39513
37223
41803
37844
39781
37150
38927
37078
39203
37396
39548
37582
39701
39244
41742
37313
39779
37139
39739
37254
39525
37008
39612
37190
47069
37197
39443
37740
40102
37456
39521
37442
39470
37368
41490
38082
39415
37354
40116
37526
42857
37355
39902
37075
40561
38596
42854
37278
39622
36366
42602
37323
49012
37388
39500
37469
41894
37208
39716
37627
39732
37048
39666
37264
38926
37467
41392
37732
39590
37479
39397
37283
39832
37156
41030
36582
39842
39130
40240
37288
39804
37759
39489
37112
39809
37055
39384
37061
42875
37397
39354
37089
39998
37215
39609
37199
39944
37050
41536
37689
39897
37059
39806
37473
40720
37187
39851
37259
39708
38894
40749
37535
39403
37130
39474
37202
39692
37014
39415
37253
42039
37116
39877
36815
39531
37311
39753
37262
39604
37295
41773
37742
39600
37102
40870
36786
39621
37131
39517
37373
39745
39143
42761
37808
39886
36983
39995
37058
39242
37713
39398
36747
42083
37055
39625
37683
40651
37641
39646
37408
39799
36877
41219
38215
41121
37187
39108
37163
39758
37159
39815
36886
39538
39247
40448
37282
42604
37613
39779
36876
39623
37451
40028
37548
42189
37128
39286
37346
40054
37286
39417
37505
39668
37778
42921
37922
39691
37307
39485
36964
39576
37744
39581
37086
39705
39081
40958
37596
39739
37103
39586
37164
39860
37422
39922
37092
43920
37282
39432
37099
39808
37220
39877
36971
40582
37096
41275
38016
39546
37171
39742
37011
39464
37117
39728
36882
39602
39093
40349
37230
39468
36990
39320
37647
39458
40115
40764
36808
42361
37312
39745
36898
39593
36808
40799
37307
39555
37387
44114
38354
40096
37458
39891
37011
39646
37041
39781
37014
39286
38997
40408
37435
39423
37091
39504
37464
39508
36639
39591
37209
42224
37370
41970
37245
39551
37653
39642
37157
39401
38467
55644
38006
39774
37741
39826
37675
39789
37090
39409
37479
42359
39436
40441
37093
39673
42259
39487
37171
39725
37754
39411
37148
43596
37621
39978
37010
39099
37594
39802
36917
39399
37017
41510
38056
39808
37660
39666
37091
39576
37413
39480
37344
39661
38854
40877
37751
39735
37087
39684
37179
39293
36962
40964
37901
42295
37988
42719
37939
39672
36783
39642
37400
39611
37014
41714
38075
40023
37546
39975
37107
39558
37500
39714
36764
39526
39332
40793
36997
39592
37054
39665
36968
40984
37294
39818
37093
41996
37227
39500
37142
38937
37349
39543
37116
39716
37209
41420
39801
39605
37454
39751
37273
39777
36919
39378
36996
39569
39179
40955
36983
39421
37168
40909
37103
39555
37334
39758
37020
42422
37349
40186
36938
39549
37352
39476
62614
40166
37340
41753
37812
39778
37268
39893
38232
40349
37313
42041
36786
39775
39063
40480
37367
40850
36707
39594
37573
39872
37610
39787
36811
41828
37100
39639
37498
40025
37416
39920
37382
42281
37491
41571
37833
39535
37150
39685
37059
39255
37010
39472
37155
39706
39252
41686
36788
39633
37353
39872
37255
39919
36883
39641
37200
42542
37136
39986
37110
39678
36982
39530
37333
39513
36719
41761
38356
39881
37637
39956
36996
39103
37332
39951
37031
40872
39031
40381
37131
39744
37145
39644
37209
39648
36965
39380
37579
42208
37066
39451
37067
39242
37574
39555
36963
39336
37166
41477
37815
39962
37949
39847
37698
39687
37846
40634
36923
39382
39397
41034
45821
42961
37102
39469
37125
39710
36765
39605
37427
42490
37116
39629
37347
39818
37018
39515
37260
39419
37284
41127
37790
39613
37418
40579
37374
44668
37369
39282
36863
39580
39454
43001
37252
39773
37713
39947
37000
39545
37432
39039
37033
42141
38044
39859
37640
39865
37042
39702
37063
39646
37123
41287
37834
39642
37096
40946
37044
39538
37547
39783
36960
39596
39175
41006
37452
39581
37083
39846
37480
39506
37204
39161
37534
42052
36770
40027
37571
39725
37111
39372
37517
39824
37720
41420
37948
40937
36990
39551
37119
39653
37009
39485
36863
40234
39248
40413
37413
39527
37025
39545
37401
39437
36959
39428
37282
42415
37099
39925
37576
39382
37083
40033
37039
39449
37560
42665
38296
39820
37751
39725
37207
40320
37050
39279
37668
41743
38947
40879
37685
39746
37088
39352
37422
39918
37020
39505
37324
42578
37788
39630
36898
39578
36872
39580
37279
40902
37347
41732
37982
39572
37104
42112
37568
39271
37270
39901
37232
39752
39206
45216
37160
39015
37395
39405
37337
39507
37178
39923
37662
42765
37496
40025
37010
39139
37636
40771
36713
39807
37319
41245
38171
39759
37689
39808
36953
39747
37548
39248
36909
39458
39563
41074
36929
39558
37149
39589
37485
39883
36860
39568
37747
44504
37313
46395
37454
40881
37136
39592
36983
39447
37568
41285
37843
39450
37511
39514
36913
38965
37272
39691
36672
39733
38913
40704
37113
39328
37561
41822
37649
39326
36831
39248
37725
42030
37174
40812
37018
39738
43096
39586
37118
39686
37119
41569
38198
39760
37628
39993
37559
39362
37372
39734
37241
39211
39159
41357
37245
39637
37346
39810
37751
39863
37637
39506
36758
43354
36748
39873
37698
39705
36880
39749
37066
39351
37148
41404
38102
42285
37451
39859
37153
39471
37408
39406
36551
39732
39581
40911
37621
39873
36976
39676
37379
39273
36859
41050
37590
42576
37858
39732
37431
39426
37302
39680
37101
39525
37388
41381
37997
39489
37387
39726
37239
39476
37482
39373
36937
39282
39246
40363
37305
39312
36713
39500
37372
40838
37298
40000
37561
45062
37313
39615
37316
39748
37262
39624
36882
39876
36904
41281
37750
39392
36518
39292
37371
40076
37581
39321
37174
39437
38780
40347
36990
39460
37575
40457
37122
39745
37781
39472
37073
42727
37541
39183
36831
38970
37141
39448
37237
39872
37882
41496
40648
39560
37098
39166
37148
39215
37709
39899
37676
39972
39236
40072
37078
40917
36993
39601
37647
39981
37483
39798
36972
42544
37324
39804
37024
39593
37144
39705
37111
39367
37584
44962
37627
39547
37232
39727
37028
39354
36869
39580
37289
42436
39389
40837
37536
39322
37408
39729
37262
39581
37062
39300
37130
42119
37315
39663
37189
39634
37279
40388
38347
38962
37147
41788
37700
39293
37048
39444
37332
39486
36903
40690
37300
39632
38719
40304
37066
40056
36865
39585
37319
39438
37092
39492
37577
41920
37265
39582
37606
39611
37837
39753
37858
39233
36952
41350
37736
39500
37112
39413
36673
40975
37410
42077
45054
39330
39200
40128
37367
40053
37479
39890
37067
39114
37256
39986
37036
42338
37474
39858
36961
38881
36816
39645
37647
39023
37096
41112
38076
39668
37606
40952
37101
39431
37647
39406
37062
39355
39297
40157
37295
39098
37035
39536
37347
39884
37173
39629
37188
41705
37226
39651
37245
39249
37308
43433
37592
39143
36991
41568
37842
42598
37304
39789
37609
39928
37090
39455
37299
39454
39479
42699
37602
39890
37303
39350
37181
39538
36844
39668
36876
42321
37285
39799
36773
39614
37342
39934
37703
39734
36577
42907
37888
39819
37387
39465
37022
39411
36818
39682
37251
39326
39563
40270
37661
39527
37486
39169
36982
39691
37093
39613
37275
42068
37269
39941
37301
39425
37187
39685
37249
40999
37149
41252
37840
39542
37160
39619
37107
39440
37586
39201
37039
39480
39378
41004
37830
39700
37796
39836
37680
39824
36720
39501
37087
42309
37592
39505
37684
39774
36962
40663
37542
39761
36966
41409
39009
43377
37298
39569
36844
39364
37163
39760
37740
39779
39121
40321
37292
39734
37073
39483
37380
39541
37151
39694
37186
42772
37554
39810
36909
44868
37448
39542
37574
39663
36719
41542
38488
39668
37362
39531
37286
39602
37010
39459
37190
39682
38781
40640
37665
39663
37418
40143
37127
39658
37201
39700
36883
41998
37792
41064
37106
39304
37612
39682
37197
39400
37474
40958
37982
39695
37002
39343
38132
39466
37654
39685
37808
39478
38857
40415
37628
39865
37213
39470
37214
39834
36942
39651
37249
45982
44843
39605
37140
39285
36863
39412
36898
39344
37645
41779
38549
39716
37626
39882
37160
39467
37662
39328
37016
39301
39012
40334
37239
39587
39327
39987
37462
39751
37020
40821
37510
42081
37004
39633
37173
39418
37310
39902
37580
40001
37620
41649
37920
39693
36678
39583
37080
39201
37085
39553
37715
39685
39390
40309
37217
39826
37131
39390
37345
40661
36853
39827
37553
42396
37244
43359
37075
39818
37100
39024
37145
39554
37244
41679
37900
39880
37181
39347
37215
39673
37031
39569
37364
39735
39358
40342
37194
39558
36930
41101
37362
39666
36897
39614
37392
41968
36996
39172
37173
39421
36844
39309
36897
39288
37768
41825
38561
39801
37048
39019
36640
39591
37660
39692
37867
39201
38751
45753
37284
40928
37074
39834
37234
39599
37705
40122
37550
42602
37100
39449
37040
39633
37414
39587
37051
39091
37206
40854
37957
39574
36882
39413
36924
39255
37046
39564
37119
39681
39376
41267
37773
38886
37043
39539
37025
39292
36917
39458
37631
41840
37316
39446
37013
39436
37637
39026
37229
39519
37171
41443
39982
39261
37169
39325
37613
39126
37051
39146
37615
41143
38909
40870
37628
39549
37068
39419
37693
39617
36859
39554
37105
45903
37105
39599
37269
38922
37314
39422
37106
39398
37564
41036
38004
39595
37779
39855
36932
39399
37539
40570
37159
39631
39358
40994
37075
39536
37445
39522
37782
39909
37634
39273
37211
42448
37461
39166
37115
39585
36834
40959
37503
39592
37123
41376
38380
39839
36812
39402
41932
44909
37481
39886
37087
39474
38951
40378
37246
39566
37546
39793
37838
39500
37147
39729
37852
41829
36917
39644
36876
38014
37344
39788
37410
39743
37090
41288
37842
39486
37489
40994
36841
39672
37597
39420
36965
40015
38982
40678
36889
39100
37359
38861
37226
39813
36977
39528
36939
42078
37243
39911
37217
39250
37311
39702
37022
39253
36953
41181
37914
40811
37290
39604
37222
39530
36775
39486
37441
39358
39293
40430
37344
39465
37797
40170
37391
39770
37735
44072
37258
42337
37065
39652
37254
39422
37218
39800
37136
39367
37131
42359
38090
40812
37542
39707
37090
39587
37465
39466
36646
39143
39315
46568
37100
39444
37177
39745
36762
39610
37386
39673
37481
42208
37533
39494
36696
39144
37502
38939
37319
40922
37893
41805
37817
39626
37361
39533
36912
39722
36663
39313
36606
39509
39299
40176
37338
39304
37070
39442
37556
39848
36913
39848
37977
43271
37182
39558
36799
40950
37676
39713
37739
39802
37728
41952
38394
39950
37570
39831
37118
39462
37245
39872
37604
40446
39288
41111
37286
39368
36926
39948
37232
39168
36958
39620
37202
43197
37221
40440
37159
39440
37244
39790
36940
39714
37146
41698
37857
40429
37288
39465
37450
39070
37087
41530
37349
39710
39088
40285
37349
39538
36800
43146
37152
39797
36834
39481
37347
43279
37733
39902
37665
39441
38086
39312
37048
39317
36748
41121
37678
39669
37725
39686
37291
40010
37006
39530
36659
39301
39323
40774
37077
39397
37144
39691
37047
39347
43188
43914
37398
41932
37195
39689
37181
39363
37177
39627
36989
39354
37570
41842
37870
39577
37341
39696
37100
39649
37150
39785
36932
39773
38834
41019
37112
39753
37241
39846
37365
41274
37211
39731
36950
44187
37231
40450
38191
39494
36914
39352
37193
39814
37740
41526
38143
39880
37581
39808
37745
39445
37001
39490
37847
39633
39238
40185
37332
40883
36937
40393
36993
39712
37045
39561
36815
42128
37248
39333
37204
39893
36792
39599
37651
39889
37204
41585
37966
39005
37232
39578
37334
39496
37493
39690
37366
39658
38798
40481
37482
44307
36779
40410
37323
39471
37026
39380
37575
42549
37158
38985
36793
39420
37664
39486
36964
39404
37136
41334
38344
39722
37726
39449
36779
39675
37110
39732
36932
39756
39228
41633
37423
39936
37636
39196
37204
39509
37260
39640
37656
42369
37229
39718
37009
39748
37263
39684
37407
38999
37245
42044
38161
39316
37163
39178
37269
39244
37317
39763
37129
40892
38895
40880
36732
39635
37233
39832
37436
39499
37337
41982
37096
42442
37189
39816
37503
39471
37081
39987
37175
39590
37253
41529
37503
39480
37148
39225
37717
39832
37385
40450
37421
39146
38937
40557
37200
39084
37191
39401
37193
39709
36867
39685
36599
41946
37057
39423
36739
39549
36538
39504
37380
39912
37192
41272
40353
40276
37111
39439
37361
41242
37196
39769
37276
39813
39241
44415
36848
39446
37423
39592
37401
39063
36984
39738
37344
42755
37304
39839
37726
39788
37787
39484
37981
39275
37023
41690
47104
43394
37243
40710
37266
39247
37051
39625
37355
39432
39305
40619
37499
39890
37168
39449
36671
39264
37267
38943
37282
42290
37122
39194
37169
39923
38090
39732
36824
39290
37204
41333
37650
40781
37344
39793
36725
39575
37145
39486
37547
39530
39103
41101
37654
39788
37096
39672
37229
39769
37262
39743
42523
42367
37232
39503
37476
39480
37143
39804
37414
39538
37718
42243
42287
39576
37378
39648
37129
39341
36524
39416
37670
39589
39283
40337
37745
39523
37451
39819
37056
39549
37412
39542
37160
42029
37548
39825
36880
39732
37644
39437
37295
40776
37440
41401
37933
39488
37397
39852
37092
39567
37104
39776
37257
43707
38799
40461
36966
39867
37291
39343
37105
39774
37088
39400
37371
43122
37350
39825
37324
39469
36955
41095
37001
39766
37355
43566
37961
39628
37343
40027
37547
39905
37640
39568
36830
39442
39232
42770
37556
39891
37114
39571
37343
39454
36820
39444
37742
42219
37261
39469
36708
40475
37895
39602
36709
39722
37641
41285
37924
39330
37575
40021
37074
39193
37734
39065
37220
39707
39108
40613
37283
39032
38113
39616
38010
39762
37717
39824
37735
42133
37099
40661
37377
38948
37691
39784
37742
39890
37285
41944
38217
39737
37595
39417
37537
39045
37157
39564
36912
39419
39334
40643
36903
39406
37010
39314
37733
39280
37489
39705
37056
43792
37137
39437
37602
39739
36823
39493
37695
39386
37169
41663
37835
39622
36959
39626
37045
39860
38590
42914
37290
39360
38874
40613
37041
40142
44350
42687
37792
39936
37056
40839
36824
42860
37190
39435
36988
39243
37311
39153
36590
39340
37125
41818
37879
39547
36746
39814
37212
39623
36928
39737
37265
39403
39315
40163
37316
39978
37527
39565
36737
40254
37521
39588
37503
42673
37192
39705
37361
39587
36873
39341
37222
38730
37712
41100
37748
39820
37071
39349
37602
39892
37599
39104
37199
39587
39281
41121
37662
39484
36764
41077
36705
39472
37719
39296
36864
44468
37227
39913
36928
39241
36189
39774
37810
39496
37055
41976
37923
39629
37543
40123
37031
39235
37688
39401
38175
39438
39278
40509
39458
41257
37295
39774
37256
39132
37380
39343
37195
42269
37315
39737
37864
38963
37014
39944
37564
39861
36949
42493
38227
39803
37612
44040
37207
39597
37450
39597
37187
40725
38442
40360
37482
38925
37760
39824
37294
39583
37679
39924
37150
42532
37555
39438
37208
39837
37225
39621
36820
39392
37181
41449
38053
39814
37147
39935
37609
39956
37624
41395
36955
39655
39143
40310
37251
39375
37115
39961
37246
40316
37136
39550
37316
42381
37258
39729
36795
39909
36640
38954
37056
39803
36918
41471
37869
39190
37287
39657
36835
41281
37413
39572
37917
39657
39335
40978
37316
39634
37278
39802
37135
39372
37172
39305
37155
42312
37586
39892
37295
39202
36666
39675
37308
39798
37529
41772
37879
39638
37243
41090
37827
40003
37564
39846
37289
39385
39185
40492
37261
39685
37522
39507
36910
39406
36541
39490
37283
41953
37190
39743
36874
39374
37472
39588
41619
43300
39072
41661
40337
44896
37442
39803
37317
39545
37821
39714
37038
39534
38979
40360
37237
39987
37242
38831
37266
39783
37181
39518
37190
42533
36960
39719
37507
39682
37671
39613
36931
39325
37192
42796
37830
39534
36964
39846
37182
39394
37129
39580
37210
39394
39298
41077
37520
39811
37705
40002
37599
39458
36994
39993
37356
42360
37250
39413
37693
39801
37344
39710
37769
41247
37087
41070
38145
39667
37385
39744
36775
39709
37315
39654
37504
39825
39201
40432
37112
39748
36954
39374
37453
39823
37119
39571
37184
42408
37117
39577
36907
39358
37248
41052
36809
39685
37505
41603
37866
39666
37328
39987
37619
39860
37655
39878
36908
39778
39275
40933
37347
39608
37133
39226
37614
39774
37004
39616
37212
42490
37232
39066
37113
40641
36796
39717
37470
39578
37668
45589
38362
39840
37019
39592
37352
39173
37127
39368
36617
39573
39190
40643
37594
40050
37084
39534
37457
39747
36522
39418
37422
41945
37586
41084
37375
39891
37245
39315
37245
39674
39283
41786
38491
39488
37349
39063
37078
39698
37139
39958
37095
39306
38980
42931
37775
39727
37097
39500
37371
39461
37101
39497
37725
43440
36820
39717
37024
39369
37554
39750
37845
39688
37801
41067
37774
39448
37117
39548
37662
39955
37601
39310
36990
39341
39413
40625
37174
39289
37339
39626
37201
39406
37028
40539
37355
42256
37347
39458
36917
39412
37191
39174
37376
39796
37280
41426
38164
39324
37595
39856
37173
39500
37166
39577
37046
39955
43630
43293
37383
39777
37245
40171
37295
41045
37020
39735
37352
46753
37011
39773
37046
39623
37529
39340
37152
43460
37090
41306
37751
39308
37385
39677
37056
39571
37191
39848
37085
39270
38940
40816
37491
39606
37270
40962
36980
39470
37472
39789
37099
42300
37310
39547
37095
39487
37382
39791
36596
38895
37266
41652
37926
39096
37531
39710
37254
39136
37608
39836
38340
40527
38588
40658
37460
41338
37178
39734
37377
39551
36872
39593
37087
42560
37203
39659
37069
39492
36706
39584
36986
39340
37438
41315
38019
39546
36956
39371
37775
39284
37029
39433
37245
39795
38890
41743
37156
39306
37802
39421
37339
39334
37041
39651
37737
44168
37251
39356
37323
40021
37139
39214
37800
39925
37648
41811
38570
39678
37108
39699
37430
39502
37347
39694
37055
41154
38997
42873
37471
39819
37311
39487
37070
39670
37157
39787
37266
42494
37585
39962
37194
39369
37112
43073
37451
38955
37046
41435
38189
39793
37717
39347
37205
39380
37289
40816
37128
39810
39209
41042
37088
39357
37536
39457
37151
39880
36819
39480
36863
42206
37238
39286
37211
39916
37610
39815
36788
39750
37452
41707
37908
39202
36781
39551
37314
40621
37515
44419
37118
40102
39340
40350
37070
38926
37196
39836
37664
39573
37016
39644
37525
42067
37219
39437
37662
39480
36811
39909
37498
39347
36932
41545
37850
39519
37379
40440
37193
39694
36999
39766
37470
39491
39117
40377
37165
39513
37088
39898
37201
41907
37090
39568
37783
41926
37201
72366
43177
39414
37568
39454
37122
39270
37127
41304
38363
40405
37071
39875
37036
39579
37199
39632
36606
39441
38926
40392
37468
39263
37118
39360
37307
39627
37045
39230
37777
42237
36826
39657
37134
42442
37495
39062
37258
39745
37312
42118
40269
39355
37080
39718
37663
39216
36889
39699
37334
39821
38785
41183
37274
39921
37589
39916
37655
39827
37260
39451
37223
42224
37156
39495
37531
39850
37708
39499
37058
40865
37677
41778
38583
39857
36976
39656
37376
39460
37156
39383
37523
40941
39247
40625
36772
39256
37090
39597
37044
39712
36892
39751
37345
41963
39698
39543
37244
40871
37154
39462
37014
39491
37239
41670
37859
39439
37080
39418
37111
39656
37205
39857
37674
40026
38945
40776
37471
39373
37179
39863
36773
39668
37572
39886
37266
42548
37456
40601
37107
39695
37663
39157
37135
38904
37788
41492
38185
39751
37732
39444
37081
39553
37143
39596
37173
39339
38987
40783
37115
39447
37482
40007
37102
39299
37289
39722
37056
45316
37076
39661
37537
39548
37689
39949
37608
39395
36837
41480
37694
39619
37557
39754
37804
39385
36697
39266
37209
39433
39334
40386
37156
40185
37635
39926
37238
39565
37238
41077
37245
41958
37163
39490
37804
39204
36725
39347
37042
41440
37376
41453
38466
39035
37556
39819
37755
39394
36742
39691
37228
39723
39165
42459
37133
39671
37361
39817
37023
41036
37612
39833
36554
42372
37248
39455
37194
39820
37381
39734
36942
39137
37215
41243
37738
39321
37205
39575
37133
39848
42480
39421
36794
39739
39019
40555
37106
39304
37660
40904
37306
39661
37205
39714
37257
42290
37296
40133
37382
39674
37216
39715
37323
39524
37584
41959
37914
39396
37390
39667
37333
39676
37204
40001
37246
39816
38729
40662
37336
40980
36927
39802
37426
39558
36919
41754
37134
42342
37106
39417
37408
39640
36931
39600
37354
39587
37107
41272
38068
39186
37358
39695
37056
39703
37398
38908
37027
39590
39137
41240
37144
39623
37421
39669
36967
39462
37380
39708
37601
42447
37314
39700
37116
39661
37797
39808
36947
39361
36645
41483
38384
39914
36970
39644
37276
39556
36939
39366
37764
40793
38944
40950
37222
39633
37206
39133
37695
39662
37779
39731
37038
42279
36935
39522
37144
39663
37829
39812
36689
39632
37628
41891
38488
39855
36871
39286
37656
39579
36849
40358
37075
40063
39062
40916
37713
38858
37305
39554
37845
41547
36755
39592
37469
44317
37285
39924
37154
39322
37301
39795
37057
39593
37392
41463
37924
39665
37282
39699
36956
40541
37101
39753
37062
42002
39095
40412
37058
39701
37100
39930
37639
41687
37927
39358
37182
42753
37545
39280
36942
39820
37323
39208
37118
39390
37259
41558
38059
39342
37008
40417
37201
40041
37117
39607
37307
39759
39184
40231
38033
39763
36859
39798
37264
39455
37303
39912
37276
46999
37227
39769
37089
39540
37207
39858
36945
39315
37509
41725
38084
40867
37293
39667
37029
39392
36767
39677
37180
39572
38947
40500
37563
39506
36902
39142
36686
39302
36858
43263
41633
42013
37306
39753
37801
39766
37778
39475
37142
40005
37102
43201
38406
40203
37405
39950
37076
39411
37311
39640
37063
39589
38978
40205
37453
39534
37594
42681
37599
39638
37078
39184
37137
42626
37128
39522
37066
39461
37360
39775
37343
40274
37184
41116
37840
39317
37350
39398
37032
39420
37527
39645
37170
39506
39191
40499
37415
39343
37693
41698
37209
39812
37136
39544
37513
42105
37239
40404
37097
39234
37005
40705
37565
39816
36634
41470
40011
39840
36997
39538
37353
39633
37160
39591
37197
39915
39125
40685
36826
39674
36923
39559
37409
39840
37098
39499
37198
42447
37476
39597
37298
40776
37239
39441
37335
39822
36789
41475
37793
39419
36758
39592
37438
39325
37171
39279
36926
39608
39093
40661
36971
39770
37121
38959
37254
39425
36987
39486
37089
42403
39928
41294
37483
39876
37201
39532
37298
39316
37176
41546
37449
39371
37498
39667
37036
39545
37539
40139
37437
39376
39472
40593
37334
39414
37086
39439
37413
39172
36947
39658
37333
43259
37560
39744
37532
39275
37194
39426
37054
39378
36336
41088
38132
39471
37164
39379
37388
39556
37356
39663
37070
39471
38916
40473
37570
41972
37248
39657
37383
39372
36952
40969
37448
42325
37349
39722
37238
39473
37320
39651
37371
39669
37148
41467
37962
39518
37172
39767
37146
39428
37303
39700
37149
39490
38907
40119
36799
39508
36664
39612
37661
41019
37207
39323
37004
42354
37173
39676
36744
39707
37444
39878
37986
39768
37347
41159
37882
39698
42151
42402
37180
39804
37074
39045
37347
39886
38785
42898
37172
39904
37194
40908
37261
39594
37253
39783
37037
42203
37535
39276
36902
39537
36912
39727
37400
39732
37841
41736
37375
39530
37002
39386
37566
39773
37093
39161
37175
40348
39006
40610
37358
40642
37070
39844
37097
39852
37750
39916
37802
42668
37254
39898
37077
39454
37425
39551
37420
40113
37148
41177
38474
39785
37087
39605
37083
39466
37122
39438
37894
42813
39306
40959
36840
39559
37132
39621
37160
39046
37237
39489
37248
42466
37185
39490
37635
39610
40831
40166
37034
39751
36997
41887
37937
39535
38072
39829
37269
40023
37137
40815
37506
39474
38748
40880
37398
39814
37142
39535
37668
39725
37797
39165
37147
42241
37254
39428
36645
40045
36980
39380
37287
39384
37162
41227
37559
39711
37039
39562
37193
40773
37262
39739
37224
39794
39164
40461
37339
39692
36989
39467
37303
39572
37155
39489
37325
42918
37527
39150
37062
38941
37466
39606
37509
39859
37062
41375
37788
39087
37482
40332
37205
40014
37464
39916
37016
39629
39243
40665
37281
39356
37001
40997
37065
39855
37216
39489
37298
43790
37413
39505
37206
39630
37319
40229
37389
39612
36998
41469
37942
40582
37369
39828
37287
39461
37088
41667
38953
39666
39577
40537
37339
39529
38061
39522
37653
39594
37015
39089
37386
42521
37392
39412
36683
39503
37750
39361
37070
38809
37274
42576
37912
39576
37572
39389
36819
39832
37198
39591
37222
39580
39213
40466
37103
39489
37482
39654
43425
42463
36605
39324
37130
42170
37569
39201
37643
39207
37490
39735
37193
40894
37285
40958
38194
39019
36666
39379
37061
39096
37205
39934
37007
39249
39541
41174
37072
39131
36762
39759
37336
39410
36850
39614
37694
41815
37375
39526
37752
39134
37133
40955
37730
39720
36989
41496
38294
39820
36997
39640
36972
40161
37639
39863
36596
39092
39471
40533
37445
39359
36968
41995
37252
39386
37152
39568
36848
42107
38042
39745
37752
40992
37131
39761
37195
39860
37734
41726
37758
39278
36632
39413
37012
41797
37233
39561
37297
38883
39330
40551
37124
40194
37036
39724
36744
39425
36875
40073
36901
42306
37517
41095
37152
39540
37238
39092
37183
39632
37777
41730
40190
39911
36948
39461
37391
40169
36827
39397
37136
39853
38459
40495
37683
39769
37140
39727
37394
39653
36662
39242
36880
43401
37111
39483
37250
39753
36864
39419
37238
39708
36908
41421
37781
39439
37806
39699
36698
38995
36933
39559
37295
39377
38913
45406
37681
39601
37083
39700
37237
39583
37433
40571
37505
45361
37294
39877
36686
39632
37271
39564
36766
39331
37302
41636
37942
39176
37651
39854
37289
39713
37299
39742
37356
39178
39272
40445
37572
39860
37730
39877
37633
41161
37148
39277
37095
42600
37461
39704
37835
39266
36983
39419
37285
39779
37010
41829
37929
39499
37184
41886
37133
39871
37624
38976
37166
39498
38822
40666
37500
39408
36871
40583
37014
39481
37121
39825
37196
42523
37254
39440
37037
39732
37139
39790
36873
39662
37345
45334
38548
39836
36871
39226
37323
39914
37147
39475
37628
39302
38712
40669
37272
40820
37642
39553
37533
39706
36924
39558
37530
42458
37349
39403
37457
39327
37108
41811
37193
39657
37098
41214
38500
39562
37286
39539
43744
40410
37080
39315
37549
39595
39142
44014
37148
39697
37304
39707
37265
39630
37419
39563
36667
42137
37591
39899
36916
39003
37040
39253
36974
39406
37513
40617
38281
39693
36953
39344
37729
39695
37887
39843
37674
40670
38971
40640
37661
39704
37185
39596
37424
39283
37166
39400
37580
42012
37243
39573
37621
39623
37088
39358
37605
39457
37158
41708
38094
41965
37458
39805
37277
39895
37059
40643
37464
39212
38945
40594
37192
40288
37041
39465
37416
39924
37565
39808
37273
42513
37586
39610
36588
39325
37502
39824
36881
39279
36798
41469
38383
41678
37262
40191
37307
41304
37696
39313
37426
39727
38932
40779
37154
39166
37278
39288
37187
39585
36744
39545
36866
42121
37008
39328
37408
39865
37722
40026
37523
39667
37841
41744
37993
39596
36725
40786
37335
39804
37756
39524
36939
39766
38998
40514
37427
39699
37207
39036
37013
39872
36977
39662
37112
42550
37023
39466
36996
39484
37284
39435
37050
39425
37674
41810
38562
41076
37134
39451
37424
39962
37557
39018
37425
39364
39287
40502
37341
39644
37527
39856
37159
39672
37240
39072
37212
44547
37509
39106
36957
39362
37605
39900
37961
39663
37021
44938
38155
39718
37755
39464
37043
39984
37268
39178
69147
39244
39203
43615
42204
39311
37111
39348
37143
39473
37111
39605
36895
42418
37691
39699
36993
39046
37224
39626
36936
41011
37123
42755
38168
39741
37125
39821
37265
39650
36990
38863
37359
39639
38977
40603
36813
39476
37123
39753
37176
39417
36958
39639
37151
42063
37147
39644
36895
40949
37369
39195
37018
39083
37696
41383
37657
39528
37174
39730
37400
39626
37671
39803
37296
39669
38962
40536
37116
38959
36910
39618
37405
39643
36789
39331
37211
42251
37302
41094
37462
39353
37059
40280
37414
39586
36628
41504
37857
39801
37197
39352
37042
39771
37423
39435
37125
39481
39000
40557
36926
40961
37361
39808
37325
39627
36884
39559
37219
43796
37142
39846
37166
39609
37076
41966
37816
39945
37189
41507
38577
39314
36973
39391
37271
39874
36936
39577
37210
39460
39076
40420
37173
39293
36535
39389
37451
39245
36794
40885
37078
42184
37053
39318
37004
39487
37113
39652
37025
39543
37550
41392
40453
39134
37375
39774
36633
39617
37111
39717
37145
39301
39153
40817
37894
39849
37718
39832
36681
40872
37004
39610
37365
42306
37192
39415
37404
39963
36865
38944
37039
39526
36749
41587
38093
39765
36936
39476
37497
39891
37663
38904
36517
39419
38747
40606
37321
39956
37308
40929
37375
39760
37104
39028
39201
41846
37486
39821
37454
39583
37151
39580
37764
39407
36743
41645
38032
39594
37185
40096
37466
39736
36497
39673
37274
38996
39015
40472
37250
40657
40822
39064
37520
39189
36838
39597
37660
42051
37294
39443
37658
44629
45003
39944
37199
39296
37211
41501
38091
39717
37491
39573
36872
39574
37340
39699
37093
39308
39063
41358
37091
39442
37095
40180
36767
39664
37316
39482
37136
42277
37229
39730
36930
39201
36873
39077
36907
39644
37581
41670
37719
39878
37278
39978
37506
39687
36859
39318
37830
40538
39093
39953
36982
39517
37051
39452
37509
39359
37207
39185
37255
42172
37456
39405
37200
39457
37585
39719
37352
39598
36819
41471
38140
39856
36676
39579
36817
39760
37207
40650
37030
39645
38849
42366
37723
39386
36987
39500
37342
39657
37183
39370
37165
42458
37238
39508
36670
39373
37361
39669
37356
39362
37187
41717
37938
39573
37343
40218
37259
40453
37190
39195
37221
39661
38996
44911
37026
39658
37002
39966
37514
39820
37698
39750
37770
41998
37202
41427
37240
39876
37034
39171
36829
39147
37308
41385
37999
39783
37577
41082
37306
39602
37520
39472
37341
40794
39303
40918
37406
39619
36872
39584
37389
39754
37231
39573
37109
42582
37000
39454
36591
39305
36854
39401
37676
39402
36682
41036
38820
41330
37130
39457
37268
39572
37030
39393
36906
39289
38617
40702
37572
39734
37772
39897
37678
39288
37150
39289
37241
42386
37343
39709
37778
39926
37578
39300
37110
39391
37215
42607
37959
39801
37031
39498
37131
39562
37292
39574
37549
39438
39194
40688
37131
39332
37173
39668
37449
39526
37731
39928
37637
42310
37504
39062
37025
39510
37217
39383
37157
41019
37594
41614
38292
39657
37546
39285
37023
39422
36871
39180
40875
42954
38962
40399
37774
39487
37212
39828
36635
39584
37058
38904
37030
46700
37098
39928
36577
39625
37257
40441
37186
39799
37046
41788
37796
39796
37112
38997
36842
39754
38963
39888
37388
39837
39091
40119
37194
39831
37193
39677
37466
39422
37444
39442
36996
42463
37504
39492
37260
40908
37223
39475
37278
39755
37364
41721
38381
40151
37316
39395
37221
39361
37288
39101
37307
39783
39470
40330
37152
39287
36968
39315
37319
39683
36931
39405
36709
42123
37224
40734
36704
39503
36421
38996
36796
39548
37703
41449
37827
39413
37748
39850
37693
39771
37031
39244
37722
39783
39050
41013
37253
39722
37347
39804
37646
39519
37145
39506
36861
43429
37419
39860
37139
39515
37487
39434
37051
39463
37413
41517
37910
39908
37390
39459
37161
39203
37669
39457
36997
39322
39331
41122
37438
41817
37379
39928
37131
39448
37118
43169
36788
42460
37341
39503
37211
39317
37298
39569
37087
39360
37577
41812
38028
39462
37234
39661
37038
39404
36930
39534
37209
39643
39326
40595
37321
39691
37464
39813
37683
41227
37205
39339
37339
42007
37391
39342
42723
39520
36942
39706
37533
39520
38038
41712
40629
39870
37093
39741
36996
39433
37466
38960
37207
39601
39292
40240
37348
39078
37208
40671
37078
39435
37709
39758
37356
41919
37494
39885
36889
39687
37234
39732
36963
39385
37589
41912
38426
39831
36818
39359
37742
39499
36837
39498
37230
40328
38551
41751
37676
39834
36955
39695
37117
39795
37363
41983
37332
42152
43199
43855
36963
39529
37468
39536
37461
38973
37691
41816
37886
39546
37201
39777
36963
39283
37638
39716
37137
40567
39084
40232
37284
39793
37278
42158
37258
39690
36890
39368
36719
41836
37182
18446744072709591028
37349
39454
37216
39367
37594
39737
36997
41332
38470
39779
37670
39842
37097
39590
37196
41078
37220
39645
39112
40515
36725
39248
37609
38975
37353
39445
36926
39424
37702
42162
36946
39381
36965
39468
37656
39349
37194
39368
37371
41539
38036
39620
36841
39776
37311
40789
38023
39431
36608
39690
39452
72931
37485
39551
37850
39547
37430
40075
37784
39587
37068
41127
37272
39567
39428
39795
37676
39803
37011
39266
37175
41473
38489
39259
36988
40780
37428
39875
37692
39793
37132
39540
39270
42756
37615
39227
37201
39330
37245
39844
36928
39304
37670
42605
37722
39892
37247
39276
37278
39624
37232
39513
37187
42020
37944
40699
37373
39947
37109
39380
37241
39521
36762
39606
38506
40859
37325
41983
37254
39608
37621
39813
37297
39445
37052
42471
36677
39094
37386
39667
37328
39585
36835
39576
37011
42810
38502
40716
37281
39808
36953
39873
37242
39205
37386
39597
38713
40011
37272
39573
37283
39715
37082
39144
37065
38952
37042
42176
37552
39808
37091
39552
37426
39400
36741
40783
37139
44877
38345
39640
37305
39668
37335
39388
37108
39645
37034
39055
39339
40398
37179
39583
36880
39787
37267
39273
37208
39419
36953
42195
37565
39172
37241
39337
37821
40791
37240
39548
37480
41597
38092
39505
36767
42385
43084
39437
37218
39622
37005
39404
39171
40699
37056
39226
36865
39649
37584
39101
37167
39424
37259
42400
37217
39080
37355
43192
37198
39618
37624
39811
36833
41618
38274
39781
37622
39954
36840
39760
37424
39346
36976
39354
39823
43022
37470
39701
37139
39106
37010
39331
37111
39309
36989
44280
37541
40900
36766
39647
37256
39663
37008
39571
36356
41304
43075
39436
37291
39778
37778
42788
37449
38937
37243
39684
39162
40694
37283
39769
37697
39460
37016
39647
37159
39758
37044
43477
37675
39761
36963
39363
37606
39802
37087
39479
37142
41778
38050
39373
37322
39804
36952
39698
37260
39384
37081
39563
39173
40132
37250
39694
37038
38995
37493
39409
37202
40762
36843
42000
37079
39477
36905
39851
37243
39675
36574
39441
37361
41570
38047
44027
37068
38877
36497
39398
37050
39414
37116
39825
39151
40520
37649
39708
37820
39393
37111
40751
37824
39487
36665
42068
36832
39802
37721
39122
37027
39823
37307
39501
37000
41835
37817
39623
36863
39468
37069
39486
36767
39715
36883
41994
39159
43213
37350
39421
37408
40786
37323
39444
37097
39310
36899
42481
37466
39635
37265
39824
37334
39498
37323
39521
37065
41626
37585
39365
37462
39110
37017
39770
37424
39547
37290
39209
38952
40848
37279
40969
37840
39180
36954
39191
37659
39015
37092
42135
37413
39293
37299
39324
36680
39606
37366
39632
37522
41959
39442
39516
37324
39553
37296
39302
36525
39393
37379
39722
39285
41287
37657
39884
37640
39506
37175
41503
43957
39536
37316
42598
37252
39457
36594
39407
37294
39750
37019
39436
37357
41749
37708
39816
37359
39643
36909
39351
37598
39811
37155
40291
39324
40727
36829
38894
37173
39883
37035
41493
37216
39589
37367
41912
37201
39652
37662
39710
37095
39571
37210
39943
37667
41957
37727
39681
36683
39518
37061
39831
37695
43107
37405
39654
39042
40081
37079
39589
37025
39936
37609
39777
37343
39302
36692
42176
37276
39936
37217
39235
37258
39696
37123
39403
37438
41878
37742
39557
37373
39064
37165
41012
37074
39392
37379
39745
39326
40479
36965
39630
37027
39629
37293
39798
37150
39665
37155
42306
37199
39457
36730
39243
36617
39478
37643
38989
37143
41170
38121
39584
36703
41049
37376
39390
37146
39318
37214
39742
38747
40366
37230
39877
37207
39476
37397
39880
37189
39322
37295
42040
37452
39616
39452
39850
37607
39528
38037
39420
37078
41243
37918
40655
37585
39323
37012
39667
37723
39291
36995
39609
39203
42744
37548
39799
37094
39672
37412
39343
36951
39338
37227
42715
37174
39384
36785
39147
36848
39209
36949
39374
37271
43106
38176
39695
37495
39773
37785
41787
37278
39413
37029
39401
39179
40421
36983
39621
37141
39210
37739
40737
37197
39808
37741
42388
37228
39336
38210
39210
37200
40538
36983
38987
37173
41515
37846
39167
37079
40021
36897
39450
37170
39672
37005
39793
39287
40621
37582
39834
37306
39200
37306
39180
36886
39792
36755
42097
37347
39598
37428
40402
37414
39446
37412
39830
39558
41512
45589
41713
37203
39763
36848
39858
37237
39259
37203
39418
39272
40234
37147
39595
37246
39475
36772
39561
36901
39887
37640
42227
37303
40508
37424
39887
37262
39482
37092
39551
36658
41537
37842
39747
37234
39717
37156
39326
37403
39836
37132
39510
39181
40603
37083
39726
37021
39919
36783
39281
36836
39467
37602
43203
37657
39825
37253
39803
37634
39714
37349
39416
37431
41329
37895
42360
37130
39382
37158
39276
36810
39832
37091
39209
39051
43872
37083
39679
37232
38853
37326
39090
36927
40907
37006
44304
37840
39234
36726
39922
37083
39450
37164
39717
37396
41487
37740
39513
37684
39889
37949
39635
37179
39441
37152
39633
39226
40401
37343
39018
37404
39352
37693
40870
37319
39563
37367
42063
36943
39794
37285
39198
37304
40206
37331
39743
36962
41388
37801
39446
37355
39596
37079
39400
37460
39935
36923
39283
39011
40374
37157
39708
37106
40730
37506
39817
37643
39891
37059
41903
36736
39726
37378
39833
36987
39587
37228
39695
37268
41211
38316
39904
37046
39400
37331
39742
37781
39656
36619
39803
38952
40625
37373
40660
37329
39483
37126
39730
37062
39271
37700
42073
37102
39498
37334
39232
37246
39683
37878
39851
37673
43115
37964
39386
37297
39987
37674
39807
36866
39767
37164
39696
39229
43387
37528
39379
37021
39511
37257
39593
36740
39600
37019
41667
36960
39730
37261
39522
36898
39431
37429
39304
37215
41322
37941
39460
37276
39754
37394
39371
37124
38974
37329
40723
38752
40901
37468
39379
38537
46709
37271
39769
37783
39379
37078
46845
37459
39868
37607
39868
37694
39998
36706
39704
37264
41654
39859
39520
37556
39749
37816
39709
37811
41146
37685
39719
39247
40565
37210
39683
36891
39445
37482
39580
37085
39455
37573
41970
36964
39707
37376
39759
37105
39091
37142
39436
37619
41223
37874
39820
37664
39499
37463
40567
37565
39422
37023
39527
39112
40817
37213
39533
37474
39165
37102
41172
37579
40016
37538
41870
37223
39714
37564
39676
36980
39452
37593
41967
36824
41362
38301
39396
36958
40775
37357
39883
37036
39579
37164
39685
38514
40728
36949
39503
37277
39843
36578
39435
37225
39022
36977
41607
37390
39546
36565
39294
36711
39666
36867
39480
37534
41854
37681
40763
37371
39448
37049
39656
36967
39307
36782
39028
39365
40466
37485
39461
37688
39852
37031
39505
37306
39506
36947
42060
37252
39530
37350
39062
37226
39903
37356
40016
37560
42925
37926
39347
37043
39547
37141
39712
36973
39316
37829
39374
39376
40385
37622
39393
36373
39229
37116
39447
36470
39642
37137
42097
37528
42067
37277
39458
37699
39544
37087
40797
37646
41425
37717
39409
37565
39640
36886
39105
37214
39565
37103
39772
38748
42427
37585
39633
36948
39418
37743
39481
36735
39583
37161
42343
37289
39910
37589
39429
37072
42900
37480
39481
36780
41473
37528
39370
37555
39714
36904
39544
37566
39394
37110
39331
39266
41070
37462
39383
37117
39664
37923
39786
37725
39451
37143
41942
37529
39738
36933
40918
37086
39377
43264
47007
37310
41294
37457
39388
37059
39710
37365
40192
37262
39683
37125
39482
38846
40340
37217
39700
37092
39490
37297
39733
37070
39670
37502
46075
37561
41215
36606
39509
36987
39729
37153
42664
37082
40957
38471
39886
36929
39670
37225
39648
36775
39665
36960
39586
38668
39735
37705
39390
37111
39223
37984
40249
37351
39685
37197
43368
37345
39697
37134
39202
37682
39432
37156
39307
37129
41605
37626
39385
37227
39730
37653
39426
37569
39908
37242
39452
39240
40842
37323
39788
36988
39579
36668
39396
36715
40914
37318
42410
37151
39637
37222
41224
37277
39637
36915
39824
37352
41464
38590
39988
37481
39389
36753
39845
37276
39647
37691
39866
39061
40780
37471
39325
36940
39682
37078
40965
37293
39498
36649
44519
37429
39454
37276
39148
37468
39403
36911
39443
37207
41416
38470
39178
36806
39514
39370
39502
37966
39488
37095
39868
38707
40199
37245
39695
37807
40488
37183
38851
37107
39276
37237
41899
37417
39608
37212
39234
37139
39370
38399
40172
36768
41762
37858
39653
37190
39468
37182
39836
37097
39269
37437
39604
39322
41719
37352
39662
36292
39919
36962
39618
37146
39946
37718
42662
37620
39840
36975
39450
37444
39760
37151
39630
37391
41490
38137
39527
37253
39620
36786
39336
36726
39399
37369
40279
39273
41641
37267
39373
37246
39587
37268
39440
36741
39104
36980
43634
37268
39574
37221
39864
36932
39524
37425
39725
38192
41330
38588
39784
37072
39252
37067
39361
37262
41139
37667
39739
44975
47259
37304
39480
37048
39918
36659
39697
36980
39595
37324
42441
37158
39754
37369
39622
36805
39610
37337
39515
36896
41415
37682
39765
37367
39626
37228
40878
37374
39671
36950
39452
38973
40158
37380
39638
37118
39490
37294
39852
36671
39316
36881
41884
37937
39808
37168
39195
37498
39352
37104
39601
37704
41062
40097
39649
36963
41097
37066
39928
37068
38942
37496
39372
39236
40186
36455
39447
37497
39799
37005
39431
37483
39755
37804
42020
37258
39318
36988
39332
37648
39499
37038
39229
37240
41513
37237
41429
37040
39200
37021
39676
37057
39699
37504
39363
39094
40576
37235
39485
37148
39603
39641
39529
37408
41022
37450
42113
37217
39490
36808
39618
37354
40047
37501
39549
37922
42451
37903
38951
37188
39097
37136
39720
37649
39371
37108
39496
39085
40769
37073
39449
36617
39594
37273
39613
37287
39365
37207
42019
37415
39320
37115
39347
37319
39629
37068
40419
37044
41490
37781
39402
37289
39659
36795
39646
36864
39496
37193
39709
39318
40504
37119
39722
37055
39635
37088
39766
37813
39643
36891
42031
37937
40046
37440
40028
37539
41108
37032
39275
37065
41338
38312
39708
36566
39468
37273
39536
37503
39242
37121
39372
39053
40481
37137
39461
36646
39444
37413
39527
37301
39526
37259
47452
37404
41479
37181
40927
37083
39814
36731
39486
37775
48016
37955
39837
37068
39324
37392
39774
37144
39668
36918
39711
39548
42671
37640
39789
37713
39593
37145
41228
37119
40120
37486
41847
37231
40629
39007
45166
37223
39443
36896
39386
37182
41225
37860
39782
37631
39912
36959
39663
37163
39620
37235
39807
39181
40893
37343
39353
36642
40463
36735
39660
37613
39818
36993
43267
37096
39958
37581
39658
36885
39960
36634
39678
36918
41852
37966
39538
37250
39643
37402
39587
37174
39375
36850
40581
38969
40190
37056
39127
37041
39796
37695
39668
37021
40695
37051
42395
37168
40143
36516
39658
37360
39594
37269
41198
37421
41601
38087
39787
36855
39526
37311
39389
37101
39498
36598
39659
39334
40253
37269
39626
37185
39613
37113
41002
36904
39705
36740
42006
37246
39697
37163
39505
37160
39522
37330
39478
37220
41496
38190
39764
37720
39468
36812
39651
36840
39658
37456
39388
39369
40568
37425
39345
36839
42435
37512
39151
37394
39486
37631
42487
37236
39719
37110
39744
37098
39652
36743
39342
37178
41859
38480
39975
37212
39315
37313
39763
37676
39770
37024
39405
39056
40331
37274
40718
37185
39748
37502
39939
37293
39656
36906
44315
37260
39316
37242
39259
37494
39968
37667
39730
36896
41193
37779
39673
37295
41725
37326
39666
37184
39616
37062
39751
38820
41927
36627
39620
37357
40170
37365
39620
36804
39447
37065
42282
37300
40229
37298
38993
37117
39799
36858
39505
37662
41400
37924
39790
37188
39846
37073
39563
37300
39541
37085
40587
39212
40284
37251
39946
36957
39555
37506
39537
37650
39817
37638
42598
37215
39477
37257
38912
37374
39526
36991
39322
37730
41390
37684
39459
36996
39458
37629
39430
37457
45275
41196
39449
39206
41109
37501
41869
37226
39658
37276
39605
36983
39847
36987
42432
37257
40243
37292
39035
37014
39843
37106
39148
37266
41570
38165
39767
37277
39741
37271
40592
37557
39712
37467
41531
39338
40885
37234
39558
37217
39946
37669
39833
37650
39795
36970
42088
37175
40021
36893
39494
37680
39086
37114
39565
36950
41238
37890
39708
37122
41240
37223
39481
36759
39272
37228
39902
39258
40291
37232
38931
36987
39977
37110
39443
37171
39661
36806
42050
37054
39865
37222
39711
36778
39553
37633
39399
36984
41397
39400
40620
37597
39798
37115
39579
37653
39155
36983
39728
39060
41150
37437
39853
37175
39487
37366
39344
37038
39452
37768
42136
37219
39447
36745
39323
37670
39963
37608
39884
37640
42784
38155
39619
37363
39815
37084
39635
37302
41066
37510
41438
38973
41186
37062
39777
37166
42261
37219
40191
37173
39610
37196
42604
37269
39698
37351
39557
37632
40707
37155
39699
37511
41561
38119
39756
37187
39540
37201
39739
37272
39645
37239
45236
39206
40294
37212
39612
37395
39632
37431
39749
36623
38936
37091
42315
37434
39756
36572
40515
37126
39391
37345
39672
37028
41675
37792
39684
37130
39310
36923
39254
37080
39526
36601
39289
38986
40751
37260
39125
37152
39373
37322
39502
36980
39614
36762
42374
37305
40398
37193
39685
37084
39402
37409
39916
37090
41677
37903
39628
37057
39264
37077
39442
36771
39345
37307
39304
38975
40330
36869
39397
36908
39772
37142
39802
37835
39500
37296
49225
41387
39707
36776
39489
37194
39594
36954
39321
37896
41864
38506
39740
37054
39183
36627
39391
37194
41170
37047
39821
39191
42877
37393
39482
37029
39434
36981
39494
37385
40722
37158
42584
37284
39731
37143
38985
37802
39775
37130
39511
37215
41744
37876
39476
37393
39495
37049
39965
37151
39760
36887
39357
39412
40052
37127
39096
36050
39523
37273
40796
37146
39784
37329
42105
37230
39880
37682
39919
36720
39886
37153
39757
37667
41778
38113
39559
69801
39544
37111
39401
37607
39294
37013
39431
39297
40477
37104
39017
36968
40665
38383
39410
36930
39334
37274
42550
37194
39901
37542
39173
37148
41835
36862
39850
37663
41221
37732
39878
36733
39490
37590
39379
36948
39288
37349
39317
38909
40330
37416
40595
37217
39827
37188
39785
37259
39696
37742
42169
37349
39236
36922
39569
36897
39170
36930
39372
37125
41686
37769
39352
36936
39197
37160
41194
37332
39574
37426
39758
39277
46427
37395
39971
37584
39849
36603
39362
37448
39306
37240
42255
37169
39494
37500
39704
36943
39363
37091
39566
37139
41805
38240
40083
37422
40000
37050
39455
37589
39697
37778
39943
39458
40955
37542
39443
37101
39505
37630
39759
37632
39859
36913
44005
37278
39247
37338
39493
37577
39676
37806
39147
37308
41442
37909
39088
37424
39600
37154
39659
37088
40910
37449
39646
39456
40189
37340
39550
37349
39526
37342
39833
37356
39583
37130
42408
37348
39853
36777
39693
36694
39377
37382
39746
37093
41287
37832
39746
37000
45298
37134
41068
36993
39447
37548
39778
39286
40339
36995
39735
37384
39359
37244
39891
37653
39480
38062
42020
37175
39462
37161
39057
37369
39368
37064
39224
37692
41136
37480
39340
37257
41808
37684
39586
37428
39450
37139
39610
38509
40690
37700
39754
37762
40052
37497
39828
37693
39856
37024
42616
37237
39413
36947
39308
37740
39313
37134
39359
37142
41450
38238
41263
37516
39759
37003
39327
37665
39480
39377
39836
39174
41142
37016
39084
37036
39708
37323
39461
36749
39701
37621
41804
37324
39517
36984
39402
37564
39985
37546
39213
36923
42946
38778
39783
37125
39668
37219
39531
36721
39286
37028
39488
39087
40237
37299
39757
37740
40080
37639
39203
41459
39406
37120
42275
37345
39697
37124
39510
37312
39259
37206
40732
37768
41731
40469
39372
37152
39802
37669
39870
37296
39065
37292
39229
38821
40693
37195
39743
37235
39407
37360
39544
37070
39509
36829
41749
37174
39577
37258
39541
37283
40820
37256
39706
37380
41349
38117
41429
37175
39326
37267
39649
37070
39278
36927
39578
38978
40729
37260
39542
38510
40190
37537
39485
37101
39373
36710
42407
37342
39752
36996
40963
36774
39657
37290
39420
37788
41760
37935
39580
37385
39522
36814
39569
37552
39852
37752
39820
38553
40819
37270
39745
37071
39414
37440
39765
37040
38982
36973
42104
37018
39986
37135
39383
37766
39709
37019
39426
37613
41209
37978
39442
37823
39667
36860
39632
37545
39865
37297
40175
39201
40607
37181
39478
37663
39301
37131
44711
37860
39258
37270
43504
37579
39936
37610
39384
36929
39511
37203
39776
36918
41948
37669
39443
37501
39265
36845
39590
37353
39665
37146
39210
39076
40172
36641
39102
37573
39879
37069
39519
37237
40751
38832
42412
36713
39034
37082
39563
37091
39014
37121
40413
37410
43246
37876
39537
37100
39061
37355
39536
36932
39591
37183
39568
38425
42732
37281
39036
36937
39830
37180
40629
37460
39839
37056
42352
37481
39534
37015
39333
37459
39907
37103
39100
36780
41488
38268
39792
37278
39447
37592
39534
36714
39392
37689
39347
39246
40343
37458
39768
37080
40672
36792
41026
36736
39521
37318
42686
37352
40057
37449
39351
36993
39488
37793
39304
37141
41549
37718
39805
37194
39619
37159
39827
37330
39340
37165
40226
38837
41433
37117
39833
37301
39761
37281
39745
37483
39874
37286
42504
37516
39745
37786
39447
37307
40882
37430
38935
37150
41495
38832
39684
37050
39286
37682
39418
37098
39977
36754
40935
38820
40724
36735
39685
37551
39125
37129
39676
37249
39422
36748
42379
37051
39155
37176
39164
37337
41170
37755
39739
37086
40897
38171
39570
37148
39810
36789
39118
37052
40634
37053
39310
39042
40378
37138
39624
36995
39580
37399
40067
37403
39745
37036
42018
37153
39618
37103
39764
37042
39688
37463
39398
36646
41596
37818
39643
37163
39617
37128
40722
37614
39732
37464
39615
38611
40697
37398
39489
37130
39693
36912
39257
37897
39871
37701
43876
37230
39108
36881
39260
36715
39369
37667
39055
37034
43148
40713
40356
37256
40608
37226
39624
36914
39692
36627
39549
39058
40326
37356
39572
36840
39530
37057
39525
37478
39265
37046
42321
37496
39800
37043
39334
37435
39305
36944
39091
37563
41768
37947
40733
37159
39367
36899
39458
37711
39965
37604
39337
39553
40450
37409
39444
36717
39611
37628
39144
37028
39730
37038
42281
37354
39392
36649
41380
37658
39475
40097
41197
37115
42866
38277
39776
37613
39441
37191
39391
37146
39579
37232
39033
38689
40756
37332
39531
36967
39702
37326
39987
37584
39780
36853
41981
37110
39337
37498
39719
37142
39667
37224
40697
37151
41452
42758
39338
37493
39444
37103
39358
37314
41862
37776
39693
39099
40166
37534
39453
37342
39645
37188
38946
36693
39607
36976
42615
37409
39872
37679
39698
37817
40718
37145
39061
37122
41252
37754
39425
37721
39352
38173
39839
37733
39824
37736
39815
39503
40868
37106
39583
37334
39512
37081
39639
37290
39928
37619
42199
37065
39514
37607
40790
37396
39729
37484
39574
36846
41293
41892
39512
37555
39904
37650
39831
37702
39805
37121
39468
38955
40786
37280
39687
37078
39859
36834
39682
37295
39668
36802
41954
37252
41921
37079
39770
37387
39719
37513
39762
37782
41540
38125
39454
36999
39393
37303
39737
37233
39536
37369
39819
38957
40790
37271
39707
39730
39592
37301
39980
37553
39421
36914
43159
37287
39513
37331
39942
37140
39330
36914
39213
37130
41492
38031
39343
37171
39883
36738
39169
37189
39786
36544
39541
38834
40131
37319
39604
43271
39241
37006
39407
37666
40662
36836
42104
37230
39295
36822
39417
37719
39576
37017
39218
37180
41134
37445
39988
37040
39384
37617
39810
36865
39697
37248
39653
38927
40732
37488
39191
37048
39419
37007
40523
37750
39071
37334
42354
37307
39392
37102
38920
37112
39540
36792
39401
37196
41399
38319
39810
37160
39502
37176
39876
37686
39663
36968
39379
39159
40854
37019
39271
37025
40650
37277
39666
36994
39465
38512
44118
37047
39715
36844
39297
37745
39779
36690
39404
36787
41572
37806
39439
37538
39605
36887
39532
37391
39380
36942
39276
38491
42655
37187
40859
36774
40259
37180
39842
37628
39748
37498
42307
37007
39541
37383
39524
37212
39616
36548
39104
37045
41622
37644
39568
37661
39394
37101
39368
37711
39409
37162
39407
38565
41689
37922
39444
38086
39927
37600
39780
37739
39292
36795
41999
37148
39705
37680
39341
37096
39322
36496
39468
37383
41809
37877
39731
37110
39728
36775
39760
36682
39682
37277
40567
38899
39861
37039
39616
36808
39783
37286
40229
37262
38976
37422
42137
36968
39508
37083
39508
37213
41528
37264
39757
37326
41336
37522
39382
37380
39005
37254
39845
37498
41015
37142
39454
38990
39983
37465
39722
37048
40583
37157
39471
37232
41404
37542
42911
37508
39916
37626
39763
37779
39951
37117
39320
37319
41670
37964
39758
37238
39600
37367
40612
37324
39795
36881
39653
38810
40504
37215
39634
37184
39518
36990
39869
37665
40258
37324
41827
37427
39636
37606
39758
36960
39663
46547
42331
37307
41012
38062
39621
36959
40608
36764
39567
37774
43016
37141
39809
39258
40528
37019
39599
37093
39434
37416
39446
37011
39536
37616
44629
37304
39885
36838
39585
37312
39880
37448
38965
37197
41684
37700
42640
37875
39519
37119
39852
37262
39671
37343
39705
39175
40053
38028
39983
37506
39436
37314
39959
37223
39565
37043
42358
37265
39342
36846
39574
37223
39839
37710
41470
37299
41681
38100
39711
37306
39558
37308
39254
37202
39778
37172
39351
39514
40748
37882
39503
37129
41041
37288
39620
37592
39848
37319
42626
37389
39136
37004
39669
37410
40978
37106
39447
36868
41532
37784
39659
37251
39691
37143
39306
37419
39670
37139
39188
39070
40221
37220
39692
37293
40240
37359
39630
37129
39230
36978
42274
37358
39634
37231
40820
37425
39661
37063
39113
37085
41431
38138
39758
37151
39412
37728
40146
36934
41360
37243
39398
39100
40753
37186
39419
37086
39688
36898
39425
36846
39232
36701
41979
37334
40886
36636
39509
37422
39126
37503
39282
37657
41807
38476
39885
37003
39660
37162
39781
37350
39409
37172
39724
39125
40427
37328
39298
37034
39931
37278
39818
37663
39299
37033
42982
37372
39442
36957
39417
37284
39440
37107
39616
37243
41363
39800
39612
37784
39500
37049
39412
37711
39430
36700
39533
38916
40643
37414
40772
37024
39840
36858
39651
36954
41130
37893
41944
37298
39338
37018
39276
37759
39400
37082
40793
36982
41479
37929
39671
37218
39504
37630
39800
37221
39498
37371
39133
46361
44865
37322
40048
36617
40045
37388
41089
37114
39165
37039
41968
37505
39696
36691
39239
37125
39839
36918
39799
37001
40929
37984
39478
37381
39268
37234
39564
37954
39448
36791
39596
37813
40384
36603
39754
37187
40747
37275
39300
36875
39594
37087
41695
37173
39669
37266
39745
37027
39241
37097
39443
37146
41744
42939
39702
37189
39763
37447
39278
37217
39616
37165
39817
39273
40509
37586
41047
37072
39781
37233
38877
37136
39704
37229
41874
37708
39840
37732
39463
37123
39262
37209
39794
37183
41576
38044
39424
37112
39644
37282
38788
37363
39541
37007
39539
38955
42946
36928
39347
37158
39362
37154
39799
37378
39680
37854
42419
37067
39852
37275
39588
37003
39143
37730
38969
37187
41636
37945
39611
37230
38999
37218
39711
37033
39145
37307
40939
39213
42360
37417
39802
37573
40167
36861
39564
37098
39822
37625
42097
37307
39459
37207
39410
37174
39099
37561
39441
37489
41737
37822
39702
37282
39517
37105
39433
37067
40497
37559
39818
39196
40527
37390
39350
37046
39310
37508
39928
37034
39227
37519
43119
37295
39121
37246
39716
37607
39747
37262
38852
36734
41446
38508
39927
37608
39460
36735
40838
37071
40015
37277
39578
39075
40489
37475
39689
36605
39230
37691
45560
37006
39262
37202
42718
37337
39330
37160
39354
39209
39299
37124
39953
37177
41626
37710
39537
37621
40951
37089
39519
37274
39510
37040
41008
39355
40312
37310
39400
36980
39526
37510
39439
36837
39436
37306
42176
37409
39768
38807
47561
36890
39805
37608
39647
36430
41515
38021
40784
37470
39830
37049
39377
37567
39435
37004
39400
39286
40741
37184
39698
37459
39461
37376
39580
36775
39644
37233
42679
37333
39880
37718
39954
37572
39534
38044
39047
37045
42766
37844
39433
37812
39918
37339
40073
36733
39608
37595
39408
39469
40443
37115
39673
37017
39222
37838
39417
37417
39630
37515
44050
37370
39912
36925
39290
36768
39171
37728
40859
36978
41158
39738
39737
37322
39889
36657
39566
37532
39433
37446
39907
39356
40487
37486
39769
37286
39135
37324
39992
37345
39621
36998
42244
37521
39856
36943
39641
37375
40742
36793
39481
36946
41353
38499
40014
36993
39600
37197
39114
37140
41584
37254
39414
38665
40490
36995
39631
37128
39663
36756
39691
37677
39724
36802
42335
37580
39586
36819
40952
37672
39845
37077
39109
37705
41413
37715
39664
37531
39823
37055
39440
37522
39808
37723
39692
39264
40284
37421
39594
36766
39024
37106
39881
37132
39322
36761
42069
37154
40732
37066
39846
37078
39310
37170
39335
37651
42070
37771
39752
36487
39429
37043
39884
37313
42447
37127
39658
39311
40801
37086
39387
37789
39390
36907
39604
37320
39161
37160
43218
37368
39388
37155
39919
37232
39836
37001
39771
37065
41307
38192
39793
36768
39513
37228
39592
37084
39526
37037
39414
39162
40366
37187
40135
37305
39746
36774
39608
37436
41232
37070
42109
37591
39354
37372
39188
37025
39224
37563
39701
37112
41357
39377
39438
37114
39645
37014
41368
37526
45328
38068
39890
39099
40523
37030
39715
36958
39222
37067
40663
37410
39959
37000
41894
37143
39589
37610
39312
37117
39530
37205
39520
36877
41558
38573
39802
36995
39617
37169
39787
37390
40721
37062
39544
39322
40430
37085
43016
37125
40056
37484
39775
36601
39303
36996
41974
37389
39465
37382
39592
37033
40014
37108
39644
37798
41699
37971
39581
37084
39670
37897
39639
36964
39729
37432
38918
38916
42016
37108
39556
36710
39369
36650
39819
37143
39275
37157
42624
37461
39489
36969
39462
37068
39466
36862
39385
37024
41388
37735
39623
37229
39148
40082
39045
37281
39758
37288
40229
38925
40558
37055
39569
37273
39496
37078
39579
37167
39381
36903
42238
37287
39785
37137
39719
37431
39738
37351
39790
37137
41555
37574
41544
37239
40018
36772
39661
37051
41020
37335
39715
39247
40385
37423
39546
36971
39531
36890
39483
37255
41700
37722
42727
37569
39436
37231
39797
37298
42573
37534
39688
36822
40847
38075
39195
36875
39648
37741
41249
37630
39706
37072
38711
38659
42747
37486
39826
37278
39969
37082
39379
37201
39296
37080
42094
37113
39949
37385
39474
37217
39481
37344
39434
37205
41663
38214
39632
36573
40800
37196
39436
37557
39426
36962
39568
39443
40437
37276
39514
37498
40080
37508
39733
37766
39766
37210
42272
37773
39456
37568
39270
36836
39540
37106
39865
37082
40873
38226
40512
37220
39619
36979
39740
37174
39653
37098
39906
39203
40749
37331
39334
36682
40011
37163
39540
37021
39597
37361
52699
42592
39710
37230
40137
37678
39347
37184
39360
37226
44567
37865
39725
37130
39417
37423
39430
36706
39224
37177
39468
39222
40299
37209
39734
37075
39835
36841
39714
37335
39536
36832
42581
37448
39454
37289
39588
37827
39709
37450
40643
37301
42041
37482
39945
37119
39884
37084
39998
37538
40015
37523
39752
39306
40688
37429
39826
37666
39199
37309
39444
37259
39576
36895
42067
37115
39641
37153
39705
37796
41160
37097
39743
37223
40989
38487
39917
37604
39519
37471
39495
37224
39477
37392
39184
39442
40284
37039
38898
37676
39971
37060
39328
37299
39872
37741
43968
37104
39806
37648
40408
37132
39607
37072
39799
37069
43680
38098
39089
37380
39334
37018
39321
37692
39805
37724
39750
39241
41120
37728
39782
37107
39526
37534
39479
37122
39378
37460
42377
37868
41180
37027
39290
37583
38973
37327
41283
37512
41838
38046
39600
37192
39638
36952
39123
36996
39342
36718
39288
39123
40355
37367
39476
37061
39307
37206
39869
36824
39470
36558
43529
37177
39591
37533
39750
37731
39317
37182
39396
37353
41276
37818
39376
37153
39671
37234
39698
37965
39554
37247
39492
39231
40574
37102
39448
37240
39279
37015
39472
36874
41201
37273
41947
37264
39727
37569
39841
37671
39921
37630
39101
37063
41553
37995
39734
37351
39625
37715
39531
38032
39450
37167
39653
38948
40370
37755
39606
37387
39651
37241
40504
37440
39353
37170
42054
37127
39752
37731
39678
37273
39418
37231
39706
36543
41445
37691
39420
37372
43067
40742
39826
36986
39735
37301
39462
39429
41565
37337
39703
36968
40574
37041
39500
37327
39904
36972
42021
37674
39714
37036
39473
36738
Average throughput: 25540.044235 op/s latency: 38.866000 usec
Done!
