Run the test of 10000 requests
954305 blocks in total, max key is 28629151
Cache built. 3 layers 993 entries in total.
thread 0 op_count 10000
83296
29677
25733
27491
27728
25130
27424
26008
27331
27520
25485
27836
27291
26125
27495
27463
27146
27543
26080
27424
28922
26480
27632
27378
25754
27312
27910
26120
27526
25840
27728
29325
26174
27479
27482
25964
27568
27586
25701
27815
27571
25958
27572
26320
28832
27535
26088
27957
28693
26564
30427
25128
29088
28814
26152
28597
28596
27022
28343
25563
28215
27925
26324
30617
29100
26247
28482
26098
29984
32082
26046
28417
27803
26149
28919
25869
28696
28770
25910
28212
31346
26151
28464
25672
28297
28927
25813
28009
28217
26204
28878
25953
30333
28419
26184
30054
28529
26402
28884
25978
28444
28657
25739
28776
28475
26248
28152
26097
28570
28109
26276
28623
29674
25687
28773
26259
29941
28769
25969
28101
28651
26301
28672
25776
28489
28563
26544
30260
28404
26312
28386
25641
28420
27895
26055
29015
28690
26360
29073
26215
30487
28627
26485
28517
29401
26046
28116
25832
28499
28958
35778
28770
28577
25693
28523
26095
28197
28605
26113
30988
28725
26176
28358
27026
30106
28611
26054
28312
28747
26215
28815
25813
29012
28401
25978
28403
29192
26031
28124
25233
28540
28482
26173
28630
28664
26332
28843
25756
29710
28304
26651
29954
28567
26237
28301
25666
28425
28253
25649
28282
28217
26189
28549
26275
28361
28530
26242
28270
29212
25930
28327
25828
29753
28917
26213
28646
28764
26318
28869
26349
28028
29028
26222
30460
28760
26235
28361
25892
28662
28904
26201
28837
28948
25910
29054
26284
30018
28693
26251
28310
30163
25574
28337
25601
28320
28579
26206
28214
28465
25925
28454
26067
28735
28411
26108
30465
28456
26316
28365
26446
29938
28839
26227
28297
28686
26088
28637
25674
28751
28406
26149
28374
29325
26111
28479
25646
28690
28923
26077
28666
28256
25766
28385
26209
32598
34574
26312
30666
28570
25990
28575
25651
28319
28241
26048
28471
28662
26338
28913
26072
28350
28416
26027
28514
29242
26267
28698
26363
30042
28838
26020
28624
28352
26153
28428
25759
28432
28689
26320
30366
28479
25797
28324
25949
28485
28751
25926
28447
28949
29921
34211
26048
30006
28124
26128
28293
29433
26105
28576
25732
28491
28648
26026
28557
28255
25993
28397
25790
28688
28743
26029
30301
28911
26044
29243
25815
29708
28459
25585
28236
28790
26042
28701
25647
28420
28736
25950
28452
29280
26352
28310
25750
28578
28558
26092
28237
28519
25879
28619
25851
30407
28029
25948
30142
28371
26358
28343
25856
28565
28795
26225
28355
28246
26169
28711
25748
28489
28370
25953
28393
29162
26002
28796
25869
29844
28663
26702
30949
28121
26502
28228
25529
28645
28793
26267
30630
28749
26369
28370
29320
28374
28813
25973
28443
28570
26059
28627
26304
29689
28005
26322
28578
29767
26011
28810
25941
28695
29189
25990
28423
28509
25971
28244
26032
28137
28183
26236
33547
28191
26332
28415
25580
29738
28279
26281
28737
28633
26406
28831
26403
28809
28741
26200
28997
29250
25734
28141
25812
28442
28551
26138
28300
28469
26170
28596
26050
29751
27689
26527
30231
28368
26120
28785
26180
28440
28248
26376
28900
28517
26372
28825
26351
29005
28694
26113
28826
29581
25962
28728
25933
29944
29043
25991
28800
28644
26240
28673
25746
32472
28515
26217
30433
28911
26298
28367
25856
28011
28497
26228
28933
28766
25877
29010
25580
29969
28279
26212
28704
29329
26154
28470
25851
28230
28540
26363
28493
28452
25930
28405
25760
28419
28716
26188
30554
28361
25996
28436
26142
30005
28795
25954
28326
28512
26222
28603
25770
28469
28502
26061
28767
29687
26399
28284
25674
28463
28785
25899
28239
28515
25970
28242
26084
29985
28333
26180
30478
28724
26263
28969
26062
28319
28308
26370
28161
28458
26232
28690
26269
28332
31931
25920
28791
31530
28794
34718
25956
29632
28717
25998
28520
28426
26049
28505
26251
28697
28368
26049
30253
32580
26209
28848
25878
28772
28611
30252
32098
28765
26414
28259
26067
29634
28719
26127
28705
29436
26250
28399
26737
28427
28779
26285
28806
28947
25927
28451
25798
28379
28255
26181
30534
28411
26353
28308
26078
29894
28437
26302
28445
28666
25923
28813
26371
28707
28581
25991
28086
29359
26284
28816
28678
31849
28807
26189
28712
28490
25757
29825
25489
28405
28771
25966
30250
28771
26291
28359
25789
28792
28389
25946
27906
28278
25988
28353
25831
30865
28344
26313
28247
29233
26106
29836
26445
28443
28123
26100
29035
28176
26568
28378
25826
28313
28452
26148
30832
28741
26281
28739
25820
32367
28438
26203
28620
28600
26436
30025
26119
28440
28366
26224
28330
29419
25990
29075
25552
28551
28830
26113
28756
28375
25789
28407
26001
28982
28493
26279
30372
28775
26601
29723
25792
28371
28578
26626
28360
28471
26330
28474
25907
28457
28429
26014
28167
29524
26357
28689
25815
28748
28617
26062
28844
28486
25913
29963
25919
28868
28485
26412
30759
28653
26060
28337
25802
31624
36898
25861
28169
28756
25972
28411
25869
28529
28548
25398
28359
28799
26000
30182
25971
28681
28843
26304
28756
28568
26285
28307
25815
28433
28355
26230
30095
28866
26098
28817
26124
28260
28305
26218
28697
32587
25994
30062
25907
28646
28734
26275
28316
29967
26102
28467
26123
28313
28411
25865
28250
28222
26025
28850
26074
27997
28120
25818
30269
28599
26160
29912
25814
28288
28236
26101
28387
28329
25696
28278
25868
28481
28289
26336
28510
29077
26388
28204
25992
28170
28763
26312
28645
28449
26155
29408
28576
28591
28445
26362
30577
28560
25803
28323
25905
28471
28523
26225
28704
28863
26236
28949
26136
28693
28322
25576
28218
29366
26153
30062
25502
28613
28941
26390
28164
28348
26036
27970
25843
28460
28464
26615
30108
28427
26070
28710
25783
28598
28404
25973
28193
27867
25998
29914
26285
28256
32717
25905
28359
29762
26145
28870
25770
28472
28769
26089
28451
28351
25946
28246
26140
28571
28668
26019
30322
28103
26405
29795
25826
28213
28393
26017
27849
28709
26299
28948
26151
27924
28298
25963
31859
32090
29511
28594
25845
27844
28502
26013
28235
28272
25541
30021
25842
28079
28509
26105
30631
28324
26158
28758
25779
28204
28491
25966
28208
27877
25616
28461
25792
28468
28246
26278
28266
29469
25908
29808
25772
28340
28678
26146
28408
28702
26286
28223
25748
28531
28288
26022
30287
28527
26103
29003
25609
28493
28789
25911
28388
28330
26150
29731
25323
28468
28188
25983
28511
29445
26194
32879
25864
28265
28511
26344
28343
28929
25649
28219
25424
28319
27970
26072
30143
28850
25964
29507
25903
28371
28335
25974
28827
28423
26032
28414
26304
28257
28337
26087
28854
29378
25970
28215
25792
28320
28509
26133
28145
28344
25917
30329
25783
28181
27953
26024
30092
29068
26218
28312
25749
28198
28640
25841
28142
28247
26003
28455
25774
28755
28342
25951
28332
29358
26485
29884
26093
28368
28104
26528
28193
28268
26306
28118
25955
28286
28311
26278
30120
28479
25629
28223
25912
28148
28159
25993
28202
28310
26183
30229
26013
28381
28282
25697
28233
31609
25698
28726
25695
28402
28408
25967
32291
28322
26116
28842
25728
28567
28518
26181
30450
28540
25955
37930
26021
28279
28273
26317
28440
28273
25954
28630
26059
28347
28358
26234
28183
29711
26257
28306
25869
28296
28412
26134
28813
28310
26117
29337
25822
28349
27680
26059
30583
28278
26078
27760
25837
28290
29956
26254
28672
28407
25955
28637
26038
28955
28250
26211
28382
29413
25887
29778
25995
29071
28663
26303
28470
28687
25938
28598
25999
28593
28345
25424
30264
28777
26361
28409
25767
28389
28251
26220
28213
28235
25677
29782
25752
28459
28775
25971
28267
29054
26579
28226
25863
28459
28436
26189
28340
28595
26464
28321
25861
33636
27521
26117
30430
28347
26104
30008
26239
28589
28433
26261
28183
28371
26409
28301
25892
28439
28769
26220
28189
29180
26092
28854
26490
28495
28490
26130
28319
28207
26132
29568
26184
28660
28383
26337
30246
28434
26391
28312
25526
34629
28356
26447
28529
28784
26248
28458
26119
28385
29018
26018
28559
29266
26121
29938
26226
28834
28465
26285
28066
28653
25975
28481
28136
32125
28769
26370
30462
28126
26297
28867
26308
28036
28481
26280
28186
28250
26448
29776
25704
28027
28178
25629
28377
29178
26314
28435
28471
29132
28483
26139
28646
29022
26453
28288
26185
28564
28300
26435
30032
32582
26012
29981
25937
28127
28153
26080
28592
28206
25986
28507
25476
28572
28539
26047
28221
29554
26087
28243
25823
28290
28344
26203
28158
28263
26300
29758
25777
28408
28688
27648
30681
28498
26056
28545
25797
28320
28414
25953
28467
28767
26217
28386
25782
28777
28895
26205
28341
30379
25700
27857
25768
28313
28619
25648
28863
28786
26336
28697
25810
28297
28641
26213
30141
28583
26315
28585
25749
28643
28808
26209
28353
29366
26250
28838
25727
28360
28318
29402
34380
29619
26037
28220
25815
28665
28466
26180
28372
28235
25732
28311
25908
28568
28316
26169
30154
30120
26204
29084
25886
33160
28324
25638
28318
28877
26150
28909
25849
28288
28233
25946
27906
30344
26026
28095
26025
28220
28783
25982
28454
29476
26073
28300
25835
28647
28595
26049
30024
28890
26114
28492
25851
28323
28165
26385
28157
28288
26313
28388
25789
28727
28287
25960
28525
30495
25990
28175
25739
28278
28449
25991
28279
28791
26616
28234
25874
28755
28348
26088
30210
28379
26118
28159
25804
28935
28646
26827
28659
29583
26036
28774
25853
28925
28496
26192
28371
29362
25926
28320
25227
27897
28408
25955
28170
28434
26043
28752
25744
28392
28149
25897
30691
29889
25948
28510
26002
28467
28282
26023
28459
32605
26245
28968
25884
28213
28115
25992
28700
29176
25993
28771
26070
28385
28171
26421
28206
29752
25971
28582
25865
27736
28547
26197
30094
28528
26250
28352
25795
28479
28459
26280
28477
28616
25889
28815
25780
29199
28338
26243
28361
30722
25958
28208
25937
28649
28757
26326
28160
28371
26113
28766
25782
28291
28274
28200
30068
28257
26029
28403
25536
28505
28443
26258
28402
29703
26019
29005
26185
28918
28690
25944
28567
29598
26036
28271
25752
28310
28436
26107
28847
29131
26009
28614
25727
28616
28214
26064
30433
29572
25982
28471
26066
28786
28383
30584
31804
28361
25984
28563
25918
28644
32905
26264
28200
31223
25832
28561
26110
28086
28490
25929
28455
29597
25885
28615
25938
28750
28758
26148
30177
28327
26026
28356
26096
29000
28085
26172
27900
28358
25799
28766
25844
28322
28309
26026
28915
30495
25913
28303
26139
28573
28405
26065
30970
28248
25716
28302
25755
28323
28374
26226
30618
28363
25643
28629
25917
28765
28780
26177
28651
29676
25714
28101
25983
28675
28275
25448
28499
29196
26226
28358
25796
28903
28785
26206
27955
28298
25966
28120
25713
28351
28302
26136
30486
29476
25881
28210
25799
28484
28332
25979
27830
28779
26260
29208
25945
28871
28157
26011
27924
28728
26272
33050
26361
28628
28769
26361
28744
29422
26136
28349
25779
28336
31981
26596
30102
28429
26029
28446
25784
28778
28341
26110
28410
28294
25885
28427
26634
28230
28062
25667
28031
30419
26146
28814
25962
28471
28591
26165
28101
27877
25660
28474
25737
28236
28313
25589
30068
28361
25950
28726
26077
28481
28224
26250
28126
29748
25883
28455
25892
28839
28210
25987
29046
29474
25953
28382
25790
28394
28535
26063
28810
28265
26321
28656
25867
28773
28399
26213
30157
29305
25947
27896
26001
28368
28287
26410
28922
28123
26020
28427
25766
28494
28724
26022
28378
28976
26198
28380
25916
28513
28547
26085
32650
29624
25664
27937
26041
28238
28453
26331
30208
28522
26322
28892
25770
28233
28344
26029
27928
28586
26034
28676
26085
28911
28363
25707
28295
30561
26015
28480
25892
29935
30083
26137
28375
28273
26108
28645
26104
28105
28171
26218
30192
28792
26036
28694
25857
28195
28366
25938
28127
29039
26142
28404
25838
28872
28892
26156
28206
29353
26126
28457
26270
28507
28499
26040
28239
28296
26268
28231
25910
28779
28860
26164
30105
30037
26177
28653
26434
28735
28315
25867
27940
28417
25967
28122
25818
28684
28207
25214
28684
29388
26158
28409
25932
28242
28768
26138
28301
29533
26213
28319
25871
32441
28274
25871
30437
28849
26126
28190
25864
27864
28410
26645
28249
28202
26317
28928
25908
28538
28315
25450
28316
30638
26084
35506
28245
28814
28484
25783
28201
28395
26082
28361
25759
28243
28416
26280
30173
28347
26270
28459
25904
28355
28594
25956
28108
29475
25994
28448
26083
28550
28080
26308
28312
29395
26003
28800
25863
28254
28423
26112
28180
28435
25971
28523
25944
28770
27725
25851
29862
29944
25931
28964
25733
28343
28219
25971
28143
28333
26047
28412
26156
28368
27869
25851
28390
28874
26240
28288
25946
28355
28728
25920
28519
29949
25937
28903
25930
28548
28008
26062
31338
32929
26383
28396
25781
28627
28793
26159
27902
28110
26998
28981
25906
28762
28548
26022
29742
29540
25993
28260
25856
28760
28577
26111
28274
28735
26270
28294
25859
28872
28784
26210
30964
28766
26171
27944
26341
28898
28729
25572
29480
28800
26021
28869
25831
28022
28259
25659
28488
29098
26167
28372
25742
28725
28634
26224
28188
28337
25966
28186
25675
28443
28398
26045
31255
28474
26454
28241
25881
28366
28200
26035
28659
28681
26292
28643
25754
28328
28315
26083
28272
29443
25988
28661
25473
28530
28593
26188
29503
28741
26647
28587
25949
28534
28229
25617
30125
28509
26000
28307
25715
33294
28314
26025
28268
28439
25744
28696
25958
28686
28413
26237
29765
31445
25926
28738
26215
28331
28452
26253
28202
28337
26199
28813
26078
28211
28606
26243
30372
28337
26092
28862
25487
28209
28212
26063
29711
30421
26220
28631
26229
28910
28283
26303
28305
29039
26031
28393
25872
28691
28702
26484
28601
28367
26139
28700
25796
28288
28249
26246
31818
28666
26165
27890
25887
28079
28231
26455
28088
28296
25942
28657
26071
28984
28221
26177
29667
29038
26460
28343
25495
28342
28412
25515
29662
28702
26090
28522
25919
28367
28320
25961
30395
28554
26015
28527
25498
28318
28742
25950
28446
32627
26361
28505
26270
28293
28356
26004
30029
29177
26596
28517
26452
28377
28660
26158
28832
28585
26212
28476
25793
28219
28814
26514
30341
28782
26274
28719
25817
28233
28404
26027
29756
28775
25971
28887
25838
28323
27996
26046
28211
29582
26072
28460
26378
28491
28349
26315
28667
27927
26167
28818
26403
28732
34597
29951
31806
28561
26002
28465
26021
28855
28352
25922
28230
28459
26057
28380
25807
28399
28491
25924
28402
29246
26433
28433
25876
28760
28548
26210
32610
28469
26585
28519
25729
28959
28382
25763
30217
28388
26565
28073
26030
28478
28281
26249
28252
28223
25630
28452
26412
28315
33838
25659
29327
29521
26223
28606
25905
28820
28758
26274
28406
28266
26093
28214
25848
28860
28438
26061
30544
28424
25594
28297
25808
28215
28183
25916
29538
28080
26082
28443
26085
28406
28289
26155
28234
29907
26101
28432
25804
28324
28574
26558
28477
28215
25964
27783
25873
28656
28443
26320
31627
29093
25949
28574
25857
28179
28350
25607
28461
28386
25996
28515
25773
28457
28306
25892
28570
29512
25781
28680
25947
28859
28398
25940
29372
28310
25818
28702
26326
28892
28787
26243
30240
28659
26092
28950
26521
28561
28585
25863
28291
28352
26053
28735
26150
28437
28232
26001
29772
29114
26158
33208
26752
28484
29052
26065
28697
28328
26179
28596
25678
28270
28399
26114
30365
28693
25945
28428
25913
28219
35593
26062
29745
28476
26325
28324
26179
28350
28387
26053
28394
29327
26058
28742
25908
28885
28474
26104
29159
28320
29273
28498
25858
28569
28264
26271
31612
28795
25955
28718
25766
28064
28159
25825
28194
28429
26566
28479
25795
28727
28763
26740
28382
29056
25623
28165
25889
28294
28740
26286
29361
28278
26079
28171
25802
28349
28241
26378
30375
28382
26241
28323
25844
28238
28036
26375
28090
28268
25505
28658
26471
28530
27948
26297
29996
28755
25761
28257
25845
28519
28621
25752
32159
28361
26049
28069
25914
27861
28507
26205
30114
28031
25929
27992
25800
28194
28363
26035
29593
28368
25979
28521
25866
28796
28489
25807
28394
29289
26206
28466
26987
28295
28755
26218
28770
28337
26013
28057
25871
28337
28267
26073
31768
28750
25987
28378
25998
28507
28255
25864
28600
28371
26220
28985
26023
28362
28286
26303
28162
29403
26252
28632
27040
28665
28694
26092
29992
28803
26109
28620
25737
28289
28278
26120
30190
28912
26162
28544
26465
28282
28653
26589
28314
33866
28348
32519
26140
28621
28616
26165
29434
28905
25640
28595
25842
28405
28465
26088
27809
28555
25907
28220
25887
30875
28305
26282
30632
28640
26085
28466
25746
28349
28796
25998
30236
28702
26248
28883
25845
29392
28300
25957
28414
31689
25975
28152
25870
28002
28297
26031
28289
28562
25900
28371
26085
28059
28248
25939
31381
28981
26070
27965
25725
28164
28270
26043
28313
28106
25923
28844
25881
28573
28335
26328
27463
29208
26115
29013
26009
28877
28023
25967
30040
28797
26065
28414
25832
28483
28239
26057
30065
28617
25953
28480
25774
29030
28685
25875
28547
28308
26200
28374
25571
28584
28261
25933
29633
29468
26103
28496
27158
29003
28536
25980
28227
28315
26060
28554
25911
28725
28395
26019
31455
28557
28616
28462
25873
28473
29923
26022
38619
28276
25999
28422
25463
28433
28314
26213
28007
29165
26095
28320
26356
28769
28967
26137
28328
28238
26309
28364
25792
28366
29851
26050
30203
28485
26008
28526
25984
28565
28393
26176
28166
28422
26575
28707
26085
28332
28222
26245
28201
29150
25717
28801
25879
28801
29723
25780
28186
28271
26060
28290
25862
28194
28337
26327
30543
28777
26069
28222
25839
28378
28792
26212
28393
27824
26640
28534
25758
28654
29764
26365
28147
29473
25987
29056
26413
28263
28324
26111
28645
28657
26001
28095
25804
28333
28266
26875
31013
28331
26114
28369
26293
30661
29375
26006
27933
28637
25944
28486
25998
28811
28660
26221
28533
29085
26500
27859
26236
28264
28461
26066
28574
28386
25822
28352
25953
28216
29696
26306
30228
28565
26177
28333
25784
27987
28547
26267
28704
28194
25977
28341
25341
28466
28438
26261
28314
29600
25686
28387
25751
28423
29630
26343
28459
28201
25928
28462
25823
27993
28245
26160
30449
28255
26131
28700
26130
28528
28189
25704
28160
28338
26040
28601
25743
28011
29989
25998
28249
29065
25939
28312
25964
28127
28373
25983
28422
28306
26194
28159
25931
28375
28742
26080
30711
28785
25953
28585
25597
28713
29722
25844
28272
30003
26543
28458
25920
28467
28577
26066
28089
29419
25595
28283
25929
32786
32484
26380
28666
28022
25966
28453
25722
28442
29816
26026
30634
28650
26238
28765
25848
27964
28268
25664
28263
28452
25816
28817
25815
28054
28573
26250
28221
29368
26220
28460
25805
28378
29986
25944
27922
28354
26096
28194
25817
28768
28147
26191
30127
28296
26586
28523
26058
28434
28377
25722
27932
28174
26027
29028
26167
28319
29569
25949
28744
29166
26112
28634
26040
28480
32363
26110
28411
28118
26466
28515
25728
28305
28444
28505
30824
28457
25973
28340
25809
28339
29746
26028
28502
28255
26288
28335
25778
28481
30599
26072
28760
29597
26120
28273
26023
28048
28619
30315
28660
28432
26230
28291
25916
27847
29701
26284
30621
28864
26559
27948
25876
28904
28798
25861
28223
28791
26106
28899
25434
28397
28354
25952
28514
29045
25918
28570
25949
28749
30253
25876
28691
28511
25951
28297
25917
28161
28299
26040
30117
28509
26002
28691
25769
28351
28215
25932
28230
28269
26168
28350
25650
30760
29272
26234
28270
29314
26228
27875
26122
28402
28393
26153
28258
27929
25941
28207
25806
28335
28291
25641
30264
28493
26397
28308
25834
28624
29822
26498
28159
28267
26271
28410
26111
28385
28784
26099
28669
29113
25692
30427
26455
28248
28496
26192
28233
28008
25968
28168
25984
28448
29468
26298
29659
28890
26222
28289
25884
28274
28005
25816
28129
28216
25953
28033
25802
28695
29353
26114
28475
31715
26210
28542
26454
28298
29943
25895
28515
28607
26571
28643
25793
28736
27952
26078
30052
28303
26081
29185
25876
28284
28297
25552
28199
28219
26085
28919
26289
28394
29470
26077
28404
29036
26224
28341
25865
28814
28569
26289
28278
28246
26329
28361
26006
28542
28747
26081
30547
28401
26030
28783
25908
28232
29646
25962
28386
28668
25750
28667
25805
28501
28266
26274
28035
29093
26108
27841
25767
28922
28827
26028
30617
28342
26190
28498
25755
28367
29672
25971
30678
28924
25982
28706
25694
28315
28374
25988
28724
28282
26084
28428
25940
28301
28591
26295
28280
29562
26079
28860
25818
28731
29717
25919
30035
28788
26174
28868
25797
28318
28477
26391
30743
32714
31547
27897
25712
28375
28838
26069
28368
28427
25961
29060
26382
28438
29534
26120
28477
29140
26055
28642
26069
28446
28543
26026
28278
28201
25533
28261
25442
28435
28651
25725
30072
28826
25872
28439
25490
28531
29473
26226
28277
28353
26161
29050
26010
28268
28442
26222
28166
29680
25977
28390
25821
28324
28442
25744
28345
28323
25608
28305
25892
30926
28887
26458
30487
28598
25859
28297
25733
28142
28305
26089
28481
27982
26042
28467
25126
28635
28262
26352
29118
28961
26021
28457
26059
28161
29864
25280
28329
28199
25939
28415
25801
28590
28330
26033
29816
28707
25853
29238
26448
28296
28144
26263
28225
28227
26193
28376
25750
27976
29859
26084
28305
29265
26116
28655
25829
28381
28532
26080
28199
28060
25918
28156
26044
28361
28557
27408
30753
28909
26024
28935
26144
29992
28342
25794
28718
28449
25922
28665
25871
28894
28303
26225
28332
29269
25901
28591
25990
28682
28437
26141
28194
27925
25995
28395
25665
29873
28375
26208
32439
28597
26300
28275
25536
28214
28462
26202
28615
28352
25866
31204
26296
28925
28569
28817
28638
28775
26276
28230
25885
29961
28775
26186
28254
28376
26278
28453
26289
28211
28687
26078
30113
28754
26083
28383
25821
28262
28189
26206
28436
28223
26275
28376
25793
29731
28988
26156
28842
29236
25968
28305
25916
28240
28069
25909
28379
28267
26258
28242
25698
27965
28489
25950
30066
28270
26174
28422
25726
29873
28654
26091
28516
28339
25903
28694
26077
28310
28386
25890
28468
33944
25800
28310
25949
28495
28758
25686
28664
28198
26530
28428
25502
29600
28419
26122
30430
28269
26031
28186
25894
30527
28444
26029
28705
28467
25590
28881
25904
28345
27768
25969
28327
29407
26313
27959
25798
29648
28513
25956
28213
28302
25715
28243
25529
28368
28246
26043
29919
28700
25965
28440
25870
28311
28088
26499
28661
28128
26083
28721
25499
29575
28559
25988
28299
29353
25936
28591
26046
28831
28422
25421
28365
31261
26149
28790
25968
28336
28283
26232
30570
28322
26124
28651
25372
29923
28699
26218
28220
28165
26183
28325
26078
32405
30986
26001
28339
29348
25985
28335
25820
28266
28510
26022
28234
28184
25942
28476
26022
29147
28547
26072
30346
28815
25938
28300
25885
28433
28183
26076
34487
30906
26285
28863
25860
28533
28327
26361
28211
29568
26081
28708
25722
29431
28797
26368
28603
28254
25977
28551
25718
28378
28324
26282
30134
28491
25308
28287
25978
28000
28767
26163
28247
28392
26301
28436
25687
29767
28337
26007
28171
31941
25828
28821
26259
28831
28442
25878
28197
28259
25923
28303
25520
28283
28316
26372
30089
28456
26404
27980
26128
29960
28604
26331
27831
28152
26037
28175
26137
28439
28277
26055
28536
29509
25982
28283
25897
28006
28377
26074
28185
29179
26104
28216
25868
30028
28511
26484
31072
28625
26209
28765
25830
28258
28417
28559
29200
28756
25998
28576
25666
28247
30863
26440
28222
29403
25955
28583
25876
29683
28609
26039
28253
28070
26530
28519
25778
28642
28326
26342
30197
28837
26122
28340
25260
28665
28392
26071
28139
28496
26215
28964
26218
29113
28434
26281
28837
29176
26045
28359
25819
28315
28083
26016
28194
28334
26070
28985
25809
28295
28201
26192
30439
28399
26093
28339
26068
29012
28177
26028
27806
28486
26011
28151
25852
28518
28246
26220
28187
29390
26189
28848
25869
28334
28941
26051
28851
28302
26076
28294
26095
29644
28290
26333
30222
27968
25966
28314
25862
28402
28639
25875
28512
28390
26330
28833
26269
28283
28578
26309
28359
29136
26061
30640
25901
29405
28847
25935
28335
28400
26211
28576
25832
28229
28275
26021
30611
28316
26051
28508
25942
28210
28245
25950
28158
28377
26084
28943
26078
30088
28301
26043
28400
29387
25980
28264
25520
28320
29041
26417
28182
28489
25894
28175
25969
28190
28277
26621
30193
28521
25660
28295
25960
29897
28370
26001
29262
28376
25664
28854
26481
28842
28324
26150
28244
29538
25933
28302
25721
28272
28477
26364
28095
28319
26079
28453
26293
29816
28140
26349
30531
28695
25920
28359
26066
27955
28639
25731
28304
28437
26196
28536
25826
28545
28502
26287
28151
29242
26211
28419
26300
29971
28150
26151
36349
32082
29502
28583
25836
28288
28333
25713
30655
28626
26232
28244
25906
28435
28583
25859
28052
28288
26175
28697
26086
29859
28683
26124
28711
29285
26096
28904
25472
28524
28420
26085
28277
28036
26661
28442
25846
28290
28370
26912
30358
28795
26410
28622
25892
29737
28385
26223
28719
28398
25964
28913
26018
28592
28781
26319
28771
29310
26273
28383
26135
28441
28525
25679
28445
28484
26042
28714
25773
29992
28453
26045
30739
28082
25663
28602
26648
28278
28518
26395
28696
28578
25967
28390
26158
28789
28239
26174
28387
29659
25740
28310
25811
29538
28950
25998
28648
28379
26135
28445
26437
30353
28350
26280
30109
29073
25978
28517
26086
28757
28299
26319
28452
28014
25969
28404
25824
29298
28535
26062
28295
29021
26220
28306
25832
28204
30497
26249
28832
28189
25986
28262
25725
28574
28532
26284
30207
28778
26005
28316
25751
29660
28313
26070
28719
28610
27144
28935
26019
28682
28458
26339
28151
29630
25906
28751
25753
27907
28672
26354
28286
28410
26090
29480
26000
28477
29005
25510
30162
28521
25769
28446
26068
28144
28229
25290
28668
28169
26070
28536
26042
28406
28216
26017
28569
29808
25555
30146
25876
28794
28310
25747
28501
28331
26045
28229
25847
28223
28482
25978
32607
28755
26000
28367
25400
28535
28344
26142
28432
27910
26242
29643
26524
28981
28211
26665
28683
29266
28588
29023
25925
28095
28358
26243
28581
28918
26273
28277
25760
28817
28297
25912
30376
28409
26070
29805
25785
28465
28756
25754
28214
28228
26191
28337
26093
28077
28701
25534
28390
31473
26105
28602
26011
28674
28530
25800
28249
28127
26000
29770
25867
28978
28485
26068
30318
28366
25989
28234
25566
28870
28267
26007
28251
28165
26045
28019
26042
28042
28268
25944
28424
29454
26184
29650
25821
28690
28972
26043
28487
31204
27508
28774
25795
28260
28155
25633
30544
28500
26757
28299
25507
30884
28642
26282
28820
27804
26249
29752
25834
28280
28335
25961
28453
29251
25948
28322
25829
28968
28419
26133
28335
28188
25348
28499
25860
28344
28000
25671
30319
28883
25920
29641
30328
29334
28312
26336
27576
28376
25644
28494
25903
28076
28172
25873
28319
29236
25821
28335
25810
27731
28387
25950
28721
28246
25991
29017
26250
28252
28324
26156
30497
29870
26055
28376
26468
28156
28302
26198
28592
28685
25956
28481
25979
28442
28241
25615
28134
29238
26332
29459
25905
28392
28503
26660
28199
31441
26158
28927
25882
28386
27933
25738
30288
28710
25973
28429
26288
28395
28399
26280
28142
30541
25975
30361
26027
28909
28317
26315
28609
29513
26022
28386
26136
28510
28618
25722
27937
28274
26035
28495
26228
28515
28230
25662
30515
28094
26409
29805
25878
28356
28087
26415
28177
28233
25899
28416
26371
28383
28133
26050
28255
28830
25908
28453
26347
28442
28434
26604
27924
28470
26258
29774
25267
28250
28711
26379
29838
28776
26314
28774
25743
28266
28427
26090
28041
28324
25813
28539
25765
28910
28265
25867
29991
29686
26012
30123
26332
28461
28554
26676
28267
27913
25623
28041
25982
28301
27927
26424
30351
28679
26018
28472
25902
28272
28100
25983
28247
28183
26474
29699
26343
28393
30557
25906
30443
30025
26086
28324
25800
28351
28508
25950
28569
28455
26056
28492
25981
28229
28376
25591
30099
28789
25937
29742
25818
28326
28452
25810
28364
28360
26487
28505
25915
28862
28756
26496
28585
29429
26206
28645
25515
28581
28264
26646
28266
28340
25932
29887
26282
27905
28639
26157
30647
28483
26120
28293
25819
28498
28313
26174
28456
29189
25876
28440
26027
28405
28523
25927
28582
28954
25928
29926
26076
28369
28482
26153
28139
28232
26472
28297
25833
28364
27993
26135
29849
28379
25969
27907
25776
28458
28302
26224
28832
28283
26037
29649
25861
28612
28888
26043
28554
29453
25756
30435
25845
27978
28464
26025
28721
28270
25861
28228
25751
28224
28188
26009
29865
28388
25969
29992
25849
28317
28659
26186
28471
27927
25394
28946
25816
28643
28376
26305
27907
29423
26762
28371
25646
27540
28621
26135
28669
28265
26321
29707
25917
28753
29751
25983
30683
31106
26079
28285
25818
28298
28285
26224
28395
28262
26196
28908
26349
28310
28335
26087
31105
38884
26041
30138
25736
28662
28517
25934
28506
28318
25971
28292
25794
28400
28312
25913
30167
28588
26595
28703
26027
28636
28444
26003
28258
28143
26404
30064
26137
28344
27912
25952
28420
29582
26651
28234
25840
28259
28365
26053
30744
28360
25984
28594
26010
27955
29000
26346
30218
28464
26343
29525
25827
28701
27988
25986
28063
28238
26199
28978
25806
28471
28274
25898
28211
29345
26040
28619
26091
30321
28673
25970
28081
28370
26063
28964
25800
28701
28264
26180
30612
28719
26281
28335
25924
28074
28315
26148
28315
28264
26312
28833
25825
28346
28628
25908
28523
31687
25994
29679
25930
28337
28543
26456
28545
28036
26046
28239
25787
28151
28007
26063
30429
28901
26004
28216
25841
28247
28226
25991
28244
27701
26154
29605
25834
31590
28497
26044
28510
29443
26347
28757
26114
28472
28408
26009
28063
28737
26106
28886
26292
30072
28213
25752
30315
28384
26189
29814
25903
28594
28496
26255
28331
28130
25546
29067
26150
28502
28685
25633
28304
29413
25627
28379
27336
29546
28412
26120
28441
29543
25926
28407
26201
28155
28419
26338
30492
28730
25909
28629
25990
28521
28483
26029
27857
28149
25876
28804
25998
28345
28177
25958
28145
30283
25959
28245
25834
28502
28312
26005
28177
28345
26058
28230
25790
28223
28559
26192
30469
28337
26167
27852
25850
28533
28005
26072
28351
29338
25991
36558
25802
28426
28281
25622
27911
29585
26089
28864
26024
28293
28689
26323
28246
27897
25832
28669
25759
28272
28276
26341
32411
29485
25738
28389
25777
28208
28359
26545
28458
28699
26361
28683
26051
28292
28310
25743
28209
29337
25999
28229
25908
28486
28893
26134
28325
29662
26004
30476
25215
28635
28400
26227
30553
28724
26625
28333
25449
28678
28107
25776
28123
28433
25970
28666
26314
29001
28736
26096
28508
30424
26092
28814
25872
28370
28501
25871
28307
28678
25870
28813
25449
28565
28341
26074
30521
28291
26246
28648
25679
28307
28050
26077
28441
29600
25961
28416
25807
28619
28553
25964
28555
29696
26023
29241
25583
28682
28383
26048
28221
28361
26201
28413
32704
32262
28254
26322
31558
29898
26433
28599
25907
30699
28390
25839
28179
27952
26120
28307
25872
28510
28671
26178
28749
29282
26030
28356
25462
28544
28580
26188
28219
30214
26008
28287
25521
28393
28302
25721
30157
28321
26483
28401
26026
27892
28236
25532
28742
28219
26058
28574
25962
28361
28397
26022
28367
31041
26273
28357
26065
28974
28444
26243
28170
28369
26163
28415
26706
28206
28429
26244
30305
28188
26240
28823
25770
28306
28030
25935
28311
31460
25941
28778
25481
28557
28337
25827
28265
29163
26177
28408
25832
28433
28688
26182
28233
28194
26457
28262
25957
28467
28369
26534
30328
28824
26091
28901
26388
28371
28305
25996
28665
30905
26305
28038
25831
28602
28423
26021
28322
29316
26272
28262
26268
28546
28768
26212
28353
29555
25951
28574
25885
28382
28313
26360
30173
28163
26061
28192
25876
28971
28633
26269
28734
28453
26014
28358
26106
28296
28496
26237
28227
30776
26432
28356
25886
28331
28876
26056
28450
28226
25719
28485
25850
27730
28665
26143
30128
28364
26031
28376
25087
28374
28290
26270
28645
29798
26088
28471
26296
28617
28147
26372
28511
29239
26468
28017
26162
28340
28520
28455
28611
28248
25913
28665
25790
28232
28807
26324
30772
30206
25817
28633
25915
28341
28277
26011
28668
28401
26043
28341
25745
28297
29566
25957
28238
29250
26086
28250
25426
28574
28359
26195
28915
29594
25910
28459
26321
28315
28228
26191
30507
28273
25721
28346
25743
28748
28341
26322
28218
28290
26289
28912
25740
28644
28221
26199
28156
30522
26441
28310
25763
28738
28786
26732
28200
28253
25895
28443
25655
28424
28280
25869
30299
28485
25963
27904
26276
28566
28275
26300
28148
29418
26164
28460
26678
27910
28399
26052
28725
31238
28222
28447
25966
28315
28576
26684
28356
28192
25976
28177
25816
28198
28345
25952
30200
29920
26331
28305
25772
28341
28172
26151
28221
27707
26018
28547
25216
28278
27971
26124
28159
28929
26021
30153
25556
28334
28844
26005
28346
29219
25926
28239
25744
28393
28735
25907
30002
28863
25986
28377
25752
28284
28564
25781
36029
32181
25663
28411
26336
28588
28208
26176
28597
30361
25941
28170
25770
28239
28509
26005
28241
28317
26374
28906
25809
28237
28493
25988
30551
28399
25983
28028
25833
28566
31322
25877
28337
29434
25425
30521
25494
28376
28006
25940
27514
28790
26000
28416
26544
28834
28623
26207
28897
28653
25814
28213
25776
28212
27811
25778
29985
29524
25990
28348
25799
28641
28384
25727
28142
28299
25590
28430
25825
28340
28339
26054
28226
29117
26237
29013
25896
28283
28501
26042
30447
29600
26082
28535
26335
28415
28115
26355
30327
28633
26250
28404
25831
28698
28307
26028
28450
28369
25646
28346
25871
28623
28495
26069
28597
30244
26367
28495
25883
28710
28428
26239
28625
28293
26345
28795
26326
28247
28381
26193
30504
28351
26139
28840
25779
28358
29089
26043
28250
29568
26024
28781
26189
28641
28068
25942
27868
29131
25527
28367
25823
28437
28534
26186
28837
28223
25857
28852
26731
32417
28848
26005
30143
29554
26051
28544
25818
28539
28504
26161
28230
28828
25969
28278
26038
28311
27985
25945
28240
29539
26015
28460
25992
29000
28727
25987
28254
29473
26569
28381
25636
30103
28400
26834
30264
28453
26029
28389
25534
28254
28286
25994
28254
28395
26283
28323
25896
28514
28356
26020
29474
34539
26327
28235
25855
28376
28596
26453
28327
28264
26139
28261
25965
28106
28543
25831
30067
28634
25935
28308
25849
28223
27999
25980
29766
28111
25426
28018
25882
28725
28781
26177
28806
29415
26221
28398
26446
28723
28903
26120
28870
28834
26124
28546
25821
28543
28242
26172
31900
28778
25983
28743
25771
28097
28398
25612
28031
28660
25969
28364
26101
28468
28622
26276
28373
29303
25956
28368
25781
28388
28415
26006
29475
28113
25907
29016
25832
28430
27735
26061
31809
28508
25927
28463
25969
28390
28524
26250
28173
28548
26023
28154
25800
28739
28391
26176
29649
29473
26753
28847
26129
28545
28442
25742
28227
28320
26044
28241
27814
28340
28664
26316
30107
28354
26071
30914
25958
28726
28285
25959
29551
28612
26522
28384
25722
28720
28201
26304
28329
29312
25960
29685
31897
32293
28646
26164
28282
28769
25982
28216
25816
28410
28335
26432
31057
28845
26011
28661
26122
28569
28406
26408
28257
28229
26073
28485
25474
28002
28946
25970
28547
29361
26171
28746
25905
28313
28852
26698
29979
28764
26532
28332
25911
27924
28291
26113
30122
27990
26050
28566
25868
30002
28272
25554
28806
28143
26204
28453
25798
28832
28915
26121
30027
29161
26343
28295
25810
28255
28910
26111
28420
28523
26179
28485
25746
28405
28699
25888
30407
28761
26089
28350
25923
28678
28455
25579
29847
28788
26377
29040
25976
27997
28498
25915
28659
29618
26041
28601
25808
28243
28471
26282
28139
28124
25999
28215
25799
28245
28534
25530
31579
28720
26346
28643
25891
28306
28227
25625
28574
28314
25989
28468
25762
28629
28289
25963
28169
33165
26319
28704
25933
28634
28409
26286
29843
28494
26130
28881
25828
28581
28330
26372
30273
28902
26077
28435
25974
29023
28433
26171
28187
30538
26241
28557
26232
28375
27956
25846
29604
29174
26018
28489
25168
28597
28183
26074
28767
28140
26016
28159
25593
27887
29014
26100
30166
28555
26288
28245
26159
27963
28345
26202
29525
28230
25997
29022
26277
29003
28411
25821
28228
29515
26253
28630
25903
28328
28533
26374
28533
28538
25995
28498
25949
28288
28325
26281
31402
28141
25646
28758
25883
28419
28074
25914
28352
28182
25575
28350
25856
28274
28107
26290
28485
29213
25750
28311
26434
28258
28445
25906
29470
27682
25782
28715
26302
28378
28257
26275
30953
28754
26377
28826
26107
28266
28374
25924
28267
28263
25648
29309
26174
28795
30232
25746
29448
29212
26318
28408
25751
28313
28420
26005
28677
28189
25696
28320
25498
28280
28137
26050
32839
28716
26249
28864
26380
28285
28232
53954
29520
28415
25775
28594
25709
28387
28346
26001
28897
29368
26222
28400
26128
28364
28430
26034
28682
27968
26016
29068
25819
28714
28266
25418
31647
28397
26024
28663
25848
28018
28166
25671
28141
28477
26278
28847
25788
28201
28510
25579
27867
29241
25954
28568
25956
28707
28170
26750
29952
28280
26214
28007
25384
28542
33359
28482
35147
28641
26237
28655
26036
28674
28687
26140
28217
31838
25978
28743
25798
28796
27961
26226
29992
29302
26353
30172
25773
28532
28139
25943
28318
28332
25524
28178
25793
28827
28033
25891
30246
29066
25706
27822
25990
28292
28353
25935
29896
28447
26171
28518
25928
28352
27989
25970
28677
29106
26318
28202
25902
28306
28461
25984
28244
28232
26260
28725
25707
28360
28424
26049
31630
27726
25622
28266
25208
28561
28313
25919
28780
28237
25763
28371
25759
37765
28624
26177
28182
29512
26430
28690
25805
28350
28339
26045
29964
28018
25934
28329
26071
28790
28690
25918
30199
28336
25598
28358
25771
28306
28236
25951
28189
28302
25867
28625
25755
28265
27996
25928
29049
29502
26315
28128
26061
27968
28728
26202
29141
28575
26225
28402
25828
28835
28534
26020
30120
28308
25950
28371
25826
28526
28034
26045
29494
28141
25895
28320
25766
28545
28271
26016
28164
29442
26002
28240
25879
28776
28450
26212
28255
28143
26028
28386
25951
28217
28609
26359
31308
28680
25547
28517
25805
28663
28378
26155
28311
28800
26019
28884
25774
28374
28364
26025
28457
29167
26044
28676
26008
29272
28720
26270
29900
28734
25912
31619
33952
28552
28372
25867
30089
28529
25609
28642
25922
28094
28107
26145
28272
28334
27375
28876
25981
28698
30227
25987
28788
29123
26248
28209
25855
28224
28476
25615
28522
28369
26307
30479
27587
28656
28338
26229
30559
28256
26048
28243
25839
28453
29463
25985
27816
28476
25627
28716
25795
28260
28199
25658
28530
29172
26208
28752
26017
28547
28643
25937
27873
28505
25891
28292
25725
27907
29463
26103
30217
28211
25925
28313
25726
28899
28195
25976
28567
28512
26045
28900
26258
27989
28510
26252
28150
29223
26025
28198
25705
38439
29632
26483
28847
28310
26128
28596
25866
28687
28365
26499
30038
28413
26058
28500
25607
28790
28128
26464
28034
28775
26281
28422
25672
28733
29417
26223
28376
31691
26039
28412
26173
28267
28339
25826
28238
28314
26051
28365
25289
28573
28262
26081
32150
28763
26051
28230
25563
27575
29879
25665
28214
28453
27906
32091
25839
28252
28321
26477
28034
29098
26167
28387
25971
28210
28730
26103
28447
28506
26241
28750
25702
28496
29745
26051
30551
28907
26097
28075
25819
28839
28283
26253
28307
28308
26061
28668
25759
31115
29023
25524
28607
29362
25907
28250
25897
28480
29824
26383
28181
28264
25924
28489
25965
28361
28237
26305
30197
28004
25982
28319
25883
28441
28647
26312
28142
28500
26044
28433
25588
28390
29978
26095
28495
29818
26201
28921
26256
28204
28317
26135
28616
28263
26032
28802
26503
28382
28161
26345
30314
28358
26120
28711
26096
29981
29179
26012
28229
28225
26230
28443
25712
28422
28222
25963
28547
29924
25937
28721
25773
27982
28532
26095
28161
28340
25911
28164
25476
28301
28849
26076
30936
28281
26033
28446
25864
29271
28411
25997
28280
28160
26344
28370
25878
28353
28793
25894
28385
29031
26058
28120
25981
28220
30283
26063
28654
28325
26444
28473
25513
28014
28333
26255
30142
28638
26187
27841
25719
28427
28367
26016
28151
28508
25906
28568
25812
28221
29378
26144
28688
29244
25531
28362
25960
28535
28495
25887
28340
29272
26025
28191
26059
28325
28370
26249
30129
28471
26345
28968
26104
28169
29955
26081
28627
29470
25981
28426
25397
28326
28234
25979
28942
28933
26050
27875
25898
28532
28236
26239
28187
28575
25983
28661
25278
28792
29452
26008
30415
28318
26335
28350
25775
28392
28543
26154
28781
28422
25810
28444
25864
28897
28319
26093
28388
29438
25682
28490
25486
28291
29691
26077
28234
28312
25988
28227
25885
28911
28072
26268
30163
28297
25986
28274
25767
28260
27709
26006
28449
27925
26225
28047
26154
28750
29050
26069
27911
29489
25862
28325
26072
29210
28571
26282
28311
28315
26275
28440
25754
28659
28249
26186
30049
28345
26040
27973
25723
28376
29632
26185
28299
28103
26011
28426
25754
28591
29623
25850
28503
29251
26375
28346
25904
28341
28403
25683
29238
28047
26005
28347
29861
28342
29537
26179
30521
28304
26308
28519
25637
28369
28314
25957
28413
28712
26119
28531
26046
28463
28505
25963
28263
29446
25771
28277
25825
28317
29877
31795
28630
28475
25663
28165
25604
28518
30743
27597
30084
28483
26435
28371
25754
28177
28249
26356
28065
27904
26021
28451
25831
28453
29467
26024
28564
29096
26366
28665
25434
28521
28406
26246
28784
28127
25955
28540
25155
28760
28264
26098
30306
28434
25904
27824
25947
28189
29926
25886
28458
28448
25932
28461
25726
28312
28261
26153
28239
29265
26093
30062
25897
27906
28290
25933
30938
28248
25959
28760
25662
28531
29367
26095
30519
28522
26416
28576
25809
28339
28198
26318
28287
27925
25932
28938
26177
28374
28452
25909
28141
29216
25751
28472
25765
28326
29596
26169
28610
28514
25963
28236
25852
28242
27996
26027
30389
28103
25934
28377
26015
28731
28302
26162
28184
28140
26253
28283
25866
28331
29565
25610
28171
29370
25893
28277
25813
28288
30402
26408
28482
28269
25980
28525
26516
28824
28438
26100
30278
28819
25918
28405
25713
28476
29448
25471
28370
28769
26222
28422
25836
28698
28419
26068
28124
31515
25569
28323
25860
28552
29139
25962
29975
28324
26283
28168
25929
28085
29746
26014
30530
28658
26108
28320
26152
28534
28337
26267
28576
28568
25679
28858
26098
28295
28294
26355
28266
29442
26059
28444
25578
28671
29819
26027
28341
28461
25843
28466
26006
28479
28378
26305
30407
27915
26549
28824
25911
28290
28269
26123
28458
28157
26053
28605
25810
28802
29846
25910
28490
29090
25942
28809
26795
28638
28570
26308
28288
28321
26258
28848
26076
28288
28634
26120
30389
28712
26094
28322
25291
29533
28546
25700
28283
28552
26246
28411
26441
28576
28108
26281
28230
29481
26218
28337
25699
28344
28524
25943
28831
28145
25772
30217
25511
29501
28325
26198
30336
28962
26418
28350
25857
28368
28612
26229
27805
28687
26043
28335
26249
28298
28227
26303
28151
29506
26056
28708
25901
29624
28557
26196
28919
28319
26192
28394
26501
28117
28639
26222
30299
28531
25992
28617
25783
28549
27883
26170
27909
28814
25851
28501
25808
29675
28824
26059
28392
29218
26219
28670
25898
28177
28503
26566
28420
28324
26025
28135
26073
28348
28335
26304
31029
28739
28633
31218
28920
29933
28197
26207
27924
28799
26040
28938
25744
28884
28062
25650
28587
28858
26021
28889
26081
28030
28734
26304
27995
28479
26339
28868
25824
29238
28291
25809
32003
28371
25618
28341
25794
28804
28341
25895
28161
28185
26001
28317
25830
28061
28557
25878
28294
29145
26025
28464
25707
29785
28093
26320
28887
27530
26344
28433
25451
28567
28215
26434
29981
28560
26159
28354
25947
28304
28536
26006
28820
28605
26206
28934
25945
29545
28109
26008
28750
29223
26047
30060
26188
28756
28003
25835
28129
27793
26268
28308
25905
28261
31594
26261
30553
28351
26086
28706
25413
29853
28793
26228
29162
28246
26349
28338
25812
28217
28345
26169
28801
29398
25986
28320
25784
28381
28457
26049
28366
28798
26082
28276
25904
29677
28335
25987
30374
28565
25746
28171
25725
30240
28053
25895
28484
28429
26084
28313
25819
28838
28350
26359
28215
29442
25931
28212
25782
29626
28517
25944
28510
28816
26299
28306
25794
27932
28687
26255
30066
28897
26008
28248
25452
28584
28390
26227
28136
28170
26043
28543
25896
29919
28693
26088
27947
29610
25680
28380
26363
28351
28746
25878
27934
28337
26406
28315
25855
28309
28413
26725
30957
28387
25688
28431
25768
29712
27824
25919
28200
28567
26241
28380
26196
28405
28699
25961
28468
29650
25891
28752
25926
28461
28176
26196
28173
28360
25653
28317
25804
29937
28391
26140
30412
28396
26224
28675
25835
28662
28344
26074
28408
30036
25752
28762
26190
28310
28410
26291
28815
29454
26084
28241
25753
29596
28361
26284
28284
27878
26071
28765
25922
28333
28558
26325
30753
28841
26252
28047
26090
28238
28449
26224
28854
28911
25979
28648
25865
29696
28293
26092
28959
35218
29146
28532
25864
28363
28628
26769
28574
28597
26369
28347
25663
28237
27670
26355
30146
29052
26334
28284
25753
29536
28325
26079
28079
28757
25722
29172
25783
28560
28166
26571
28194
29237
25948
28460
26280
28612
28663
26298
28752
28549
26302
28614
25773
29874
28362
26512
30245
28433
26351
28398
25883
28537
28774
25897
28239
28519
26392
28749
25881
28732
35382
30463
28603
31327
26061
28259
25888
29945
28498
26312
28792
28180
26183
28516
25740
28512
28495
26281
30241
28710
25979
28584
25896
28304
28131
26492
28514
28540
25971
28683
26444
29826
28338
25794
28578
29570
25932
28690
25959
28216
28618
26237
28118
29073
26069
28215
25810
28227
28239
26349
30000
28344
25668
28262
25871
29797
28342
26118
28291
28147
26258
28341
25710
28990
28736
25617
28168
29535
25743
28149
25926
28304
28440
26400
28677
27917
26048
28226
25831
29678
28542
26360
30628
28281
25900
28332
25717
28409
28421
26041
28433
28168
25763
28689
25905
28894
28597
25074
27867
29166
26234
29827
25785
29507
28664
26011
28624
28318
25844
28257
25479
28539
28338
26042
30652
28588
26207
31127
26206
28437
28749
26191
28208
28201
25924
28999
25938
29673
28558
25660
28285
34912
26210
28404
25759
28334
29116
26053
28234
28347
26007
28190
26224
28529
28782
26443
30462
28091
26254
28627
26014
29709
28281
26490
28676
28209
25681
28955
26072
28341
28476
26028
28264
29068
25966
28242
26063
28064
28903
26047
28203
28453
25967
28129
26011
29424
30026
26313
30703
28273
26155
27942
25776
28232
28634
25974
28067
28148
25970
28390
25872
28688
28221
26012
27827
29360
25962
28406
25868
29708
28390
26009
30043
28402
26311
28588
25691
28171
28396
26481
30485
28505
25722
28162
25821
28308
28376
26060
28352
28765
26290
29057
25808
29552
28271
25779
28179
29216
26212
28514
25537
28362
28542
25932
28753
28193
26539
28279
25813
28231
28355
27835
31080
28481
25927
30427
25920
28342
27561
26365
28186
28655
26264
28446
26046
28355
28311
25972
28119
29296
26358
28298
25844
28504
28227
26102
28576
28405
26051
29433
25881
28306
28164
25774
30565
28600
26360
28341
26211
28197
28274
26098
28343
28197
25976
28285
25899
28540
27769
26095
28370
30015
26237
29901
25994
28644
28465
26007
27889
28349
25676
29796
26333
28805
27799
26280
30324
28358
26319
28250
25805
28468
28276
25989
28135
28547
25939
29418
25979
28699
28678
26229
28794
29507
26136
28407
25782
28428
28725
26123
28462
29541
32976
31456
26017
28462
28823
26175
30286
28627
26144
29962
25934
28270
28447
26151
28696
28568
26046
28526
26497
28247
28248
26031
28271
29361
26468
28162
25825
28321
28409
25980
28857
28263
25788
29633
25845
28293
28237
26355
30619
28327
25926
28347
25815
28280
28314
26009
28460
28116
26235
28727
25946
28451
28652
25598
28672
29084
26529
29679
25844
28385
28617
26524
28191
28260
26162
28847
25995
28538
28057
26016
31619
28218
26018
27908
24815
28720
28237
26031
28074
28317
26060
29595
25859
28394
28319
26050
28259
29196
26188
28358
25868
28687
28729
26362
28665
28371
26026
28175
25802
28253
28344
26044
30312
28446
25983
29104
26434
28353
28797
25978
28133
28493
26009
28667
26098
28409
28117
25570
28444
29343
25892
28251
25797
28055
28445
26142
28286
28282
25974
29624
25901
29142
28327
26313
30539
28294
26068
28628
25787
28378
28795
26326
28277
28427
26218
28420
25805
28292
28252
26010
28641
29134
26056
29685
26201
28573
28458
26053
28254
28289
25950
28284
25740
28204
28204
26203
30122
28363
25977
28643
25959
30049
27899
26238
28475
28209
26283
29614
25885
28832
28015
26149
28267
31438
25760
28180
26086
28251
28369
26213
28206
28163
26531
28157
25905
28294
28377
25746
30315
28940
30643
29749
26120
28385
28370
26253
28178
28377
25999
28493
25947
28086
28325
26226
28224
29109
26293
27976
26167
28194
28900
25870
28824
28693
26197
29516
25821
28305
28822
25974
30703
29185
26544
28441
26017
28924
28175
26140
28559
28381
25974
28353
26015
28359
28230
26071
27868
30000
26150
29516
25645
28430
28559
26110
28041
28203
25834
28275
25796
28247
28346
26335
30196
28294
25630
28321
25790
28228
28339
26373
28814
30127
28303
29990
25996
28362
28364
25749
28231
29315
26226
28382
25817
28287
28396
25711
28586
28100
25905
28844
25812
28152
28604
25983
30137
28846
26602
29425
25870
28770
28403
26118
28381
28550
26275
28858
26106
28341
28448
26086
28149
29259
25976
28325
26484
28263
28464
25997
28631
28478
25929
28998
25952
28626
28336
26276
30604
28779
26028
27921
26599
28281
32502
28441
28200
28252
25978
28815
26341
28459
28377
25695
28184
29342
26178
29578
26193
28410
28647
26213
28507
28229
26018
28456
26112
28611
28277
26045
30088
28731
26013
28283
25923
28301
28782
26101
28386
28375
26030
29565
26323
28360
30426
26155
28952
29317
26191
28333
25865
28346
28869
26113
28264
28292
26316
28605
25861
28042
28279
25741
30328
28794
26216
29966
26347
28398
28297
26127
28688
28443
25899
28045
26001
28665
29079
25979
31267
29657
26051
28189
25860
28327
28426
26134
28815
29214
26160
29632
25961
28281
28574
26091
30342
28508
26113
28591
25744
28455
28281
26057
28154
28347
25612
28315
26104
28346
28130
26035
27862
29174
26322
29830
25670
28424
28480
26012
28188
28181
26029
28154
25719
28164
28002
26001
29990
28374
26044
28419
25789
28381
28140
25979
28255
27895
26092
29550
26027
28013
28380
26060
28546
29298
25901
30295
26155
28638
28874
26038
28159
28293
25643
28507
26274
28694
28578
27055
30607
28546
26511
29618
25754
28007
28122
25965
28485
28027
26035
29848
26069
28203
28301
26207
28242
29341
25881
28183
25455
28214
28449
25652
28270
28147
25808
29615
25774
28190
28340
26136
30505
28756
26030
28038
25728
28379
28554
26216
28483
28268
25934
28693
25411
28007
28577
25922
28151
29148
26116
29892
26117
28400
28455
26194
28264
27847
26050
28249
25538
28515
28220
26023
29756
28525
26530
27968
25989
28256
28432
26182
28331
29271
25902
29763
25819
28820
28978
25929
28355
29155
26583
28302
25810
28337
28674
26389
30048
28854
26089
28412
25393
28359
28610
26384
30138
28583
26283
29416
26096
28663
28182
25945
27885
28668
27436
28791
26097
28644
28399
26199
28142
29209
26232
28696
25952
28638
28497
26132
28136
29795
25918
28656
25485
28641
29063
26031
30136
28662
25686
28743
25873
28848
28496
26365
28549
28185
25925
28500
25803
28798
28302
26111
28397
30274
25928
28195
25784
28279
28399
26227
28270
28195
26395
28322
25787
28227
28240
26294
30604
28275
25988
28268
25800
27901
28559
26190
28204
29780
26080
28806
26330
28247
28303
26084
28767
29189
29639
32436
26031
28195
28488
26014
28741
28713
26470
29526
26590
28413
28367
26246
30472
29856
26509
29127
26484
28178
28390
26150
28825
28520
26562
28310
25872
28608
28352
26163
28439
31240
26022
28748
25812
28236
30204
26252
28327
29946
26305
28239
25759
28787
28068
26012
30086
28741
25987
28628
25645
28737
28288
26123
28307
28048
26066
28406
25805
28135
28096
26325
28080
30838
26080
28833
26370
28882
28707
26277
28834
28444
25942
28410
25615
28571
28110
26276
30169
28515
26401
28244
25816
28146
28512
26000
28251
29898
26315
28986
26035
28382
28278
25813
28238
28908
26228
28160
29085
34558
28109
25702
28738
28179
25980
27890
26018
28882
28330
26167
31954
29727
26514
28475
25184
28254
28595
25677
28847
28115
25985
28923
25798
28465
27799
26083
28147
29432
26297
35795
26066
28836
28481
26494
28241
29673
25979
28862
26481
28625
28820
26162
30123
28715
26131
28311
25821
28370
28315
26122
28559
28265
26010
28337
25806
28870
28698
25914
28205
30915
25840
28284
25885
28558
28781
26199
28189
28493
26014
28276
25779
28553
28429
26694
30140
28642
26186
28275
27027
28985
28292
25756
28195
29511
26358
29733
25970
28234
28267
26130
28258
29266
26201
27974
26106
28253
28381
26342
28827
28360
25937
28445
26146
28365
28266
26070
29938
29752
26067
28321
25840
30408
28268
26256
28320
28299
25987
28595
25892
28599
28371
26235
28709
29015
26175
28347
25721
28891
29257
25994
28175
29473
26053
28350
25729
28324
28224
25601
30045
28670
25906
28562
25491
28568
27772
26330
28816
28804
25991
28775
25876
27992
28259
25752
28076
30850
25961
28645
25771
28417
28456
26033
28198
28426
26202
28814
26287
28316
28648
26083
30626
28403
26008
28193
25787
28292
28449
26016
28135
29399
25985
28637
25829
28822
28236
25926
28353
29079
25572
28174
25894
28693
28117
26576
28230
28246
25864
28121
25908
28560
28247
26396
30584
29703
26006
28499
26010
28631
28484
26080
28559
30443
25716
28689
26080
28229
28406
25987
28172
29190
26410
29816
25878
28177
28240
26173
28187
29466
26621
28329
25833
29470
32587
28723
30152
28197
26509
27980
26114
28252
28160
25969
28225
27582
25987
28618
25789
28587
28424
25559
28137
30486
25917
28314
25486
28538
28543
25923
28138
28299
26226
28495
26445
28327
28230
26016
30840
28270
26055
28605
25990
28268
28465
25993
28083
29484
26121
28487
25389
28681
28264
25795
28223
29171
25773
28275
26065
28455
29029
26290
28193
28220
26044
28464
25703
28381
28843
26172
30048
29620
25643
28297
25423
28668
28371
25942
28099
28542
25954
28045
26025
28813
30085
26001
28193
29508
26057
28006
25777
28308
28408
25849
28380
29730
25982
28194
25786
28452
28660
26019
29921
28551
25973
28525
25881
28377
28563
26243
28230
28271
26307
28619
25781
28684
28033
26412
28202
30252
25598
28928
25789
28559
29114
25880
28192
28323
26298
28640
25408
28660
28270
25636
30733
30507
26130
28837
25603
28486
28523
26040
27776
29060
26496
28393
25729
28657
28562
25900
28162
29510
26061
28666
25781
28575
28230
25976
28199
27895
26051
28312
25765
28193
28277
26449
30491
29152
25962
28375
25747
28306
28229
26196
28251
28612
26180
28906
26305
28821
28779
25901
28369
29795
25974
30068
26184
28346
28318
26068
28620
29724
25903
28254
25692
28296
28179
26288
31047
28719
25914
28647
26315
28208
28167
26002
28634
31343
26163
28486
26576
28676
28146
25812
28198
32487
26276
27923
25697
28167
28950
25993
28220
27962
25704
28660
25766
28321
28397
26374
30411
28245
26231
28487
26451
28386
28136
25771
28500
29802
26008
28768
25980
28633
28168
26152
28173
29194
25906
28122
25909
28248
28048
25966
28305
27780
26227
28414
26300
28814
28451
25933
30689
29344
26137
28277
25760
28384
28134
25696
28434
28275
25866
28352
25726
28514
28224
26248
28825
29916
25629
28259
26915
28913
30706
26352
29889
28343
26026
27878
25819
28214
28366
25597
30229
28519
26928
28329
25867
28712
28414
26272
28330
28183
26334
28367
25954
28003
28281
25701
29576
29352
25975
28301
25865
28374
28447
25832
28582
28685
25860
28152
26019
28387
28368
26251
30154
28571
26752
28212
25887
28390
28250
26075
29658
28481
29913
34962
25773
28898
28853
26112
28850
29206
25968
27912
25841
28647
28377
26032
28734
28420
25588
28267
25726
28217
28233
26393
31802
28365
26376
28352
26050
28323
28704
26085
28256
28217
25691
28534
26272
28408
27964
25919
28423
29020
26004
28531
26237
28189
28738
26001
29914
28676
25622
30194
26136
28200
28436
26007
30821
49875
26499
28334
30944
28595
28372
25996
28189
28012
25634
28627
25873
28330
28713
25967
29671
29438
25967
28479
25883
28346
28411
26054
28661
28329
26030
28496
26296
28312
29252
26267
30159
28791
26041
28294
25825
28094
28067
26096
29362
28438
25918
28343
26187
28397
28300
26234
28279
30086
26021
28425
25481
28515
28745
26297
28784
28554
26359
28561
25651
28589
28326
25537
31430
28010
26228
28397
25643
28321
28285
25873
28127
28084
26032
28377
26151
28866
28328
25998
28454
29604
26639
28255
25938
28007
28344
26220
29323
27846
26026
28331
26167
28352
28465
26138
31788
28338
26031
28594
25929
28305
28006
25760
28593
28123
25999
27956
26008
28544
28093
26415
29928
29542
25951
28511
25828
28729
28659
26002
28496
28273
25921
28158
25746
28456
28390
25936
30150
28567
25865
28646
25864
28292
28372
25492
29555
28282
26147
27956
26070
28436
28280
25901
28471
28897
25870
28544
25768
28300
28419
26062
28168
28263
26476
27801
25845
28629
28058
26012
31621
28831
26033
28765
25876
28384
28292
26005
28429
28250
25929
28622
26016
29660
28875
26287
28271
29227
26147
28453
26306
28207
28312
26303
29823
28253
26007
28195
25677
28622
28380
25965
30340
28292
25870
28394
25837
30131
28151
26125
28404
28411
26051
28368
26299
28330
28309
26163
29982
28896
26131
28848
25779
28339
28691
26083
28856
28200
26006
28530
25881
28286
29130
26096
30551
28321
26137
28846
25828
28164
28529
26009
29799
28325
26318
28893
26068
28100
28284
25987
28253
29492
26254
28109
25780
28536
28589
26098
28927
28378
25645
28210
25847
28273
28278
25626
31735
28345
25927
27980
25376
28007
28249
26230
28382
28326
25908
28675
28173
28568
28417
26147
28228
28854
26152
28305
25708
28430
35307
31669
29697
28189
25917
28639
25776
28282
28439
25998
30683
28148
26306
28717
25720
28350
28399
25961
28223
29877
26047
28554
25893
28603
28503
25908
29409
29239
25959
28559
25507
28488
28429
26261
28300
28072
26321
29392
26103
28638
28517
26465
30864
28769
26443
28472
25898
28345
28141
25730
29412
28325
26405
28511
25840
28534
28748
25898
28191
31470
25800
28052
25807
28975
28868
26105
28569
28704
25966
28138
25501
28220
28205
26241
32216
28757
25831
28367
26298
28643
28377
26026
28129
28275
25742
28553
25805
28312
28235
26310
28094
35395
25888
28488
25507
28422
28431
25709
29692
28277
25862
28584
25787
28904
28615
26338
30174
28623
26282
28253
25826
27924
28475
26486
28067
28319
26455
28422
25760
28745
30299
25862
29582
29086
25856
28228
26320
28263
28430
26646
28450
28330
25930
27914
25795
28553
28043
26182
30101
28403
26082
28711
25908
28298
27730
25932
29764
28337
26355
29113
25767
28385
28025
25704
28395
29458
25873
28689
25835
28271
28299
25912
28298
28190
26010
28300
25744
29208
28239
25962
33687
28456
26034
28309
26588
27748
28245
26258
28143
28255
28078
28713
25874
28667
28294
26084
28268
29398
26312
28896
26097
28301
28843
25676
29050
28281
26027
28453
26417
28329
28394
26056
30653
28539
26472
28472
25756
28428
28186
26257
28290
28257
25917
28502
26400
28461
28839
25994
29444
29616
26007
30108
26112
28366
28527
26287
27745
28342
26282
28344
25801
28321
28384
26271
30237
28300
26195
28241
25891
28244
28033
26030
29538
28550
26264
28899
25795
28011
28497
25671
28295
28907
25751
28330
25925
28563
28267
26229
28449
28283
26049
28360
26236
28504
28262
26226
31450
28379
25661
28389
25275
28723
28898
26486
28525
28349
26010
28532
26095
28434
28588
26276
28405
29246
26019
28219
25720
28373
28492
26229
29791
28465
25963
28514
25874
28825
28259
27383
30839
28320
26177
28304
26133
28339
28191
25938
27854
28233
26037
28278
26101
28329
29768
26252
28400
29482
25989
28449
25974
28670
39063
26178
29283
28946
26648
28687
25858
28374
28278
25697
30518
32618
34049
28544
25426
28263
28804
25980
28684
28243
25698
28857
25928
28658
28686
25652
28251
29709
26168
28252
25864
28885
28746
26223
28356
27873
26187
27875
26217
28192
29851
25754
30212
28349
26064
28492
26069
28505
28293
26160
28103
28250
25913
28916
25757
28507
28451
25896
28164
29476
26317
28246
25823
28787
29416
26298
28166
28253
26111
28414
25765
28400
28533
25815
30182
28825
26339
28758
25407
28415
28249
25896
28342
28483
26347
28297
25777
28252
29661
26022
28571
28953
26201
28903
25710
28303
29048
26098
28720
28327
25968
29675
25940
28839
28268
25179
30273
28249
26126
28753
26087
28520
29437
25983
28433
30995
26026
28833
25765
28599
27932
25975
28160
29137
26153
28830
25840
28532
28567
25920
28387
28143
25803
27959
25789
28845
29411
26147
30080
28531
25945
28493
26008
28605
31614
25845
28478
28297
26211
28387
25892
28824
28755
26067
28202
29203
26054
28841
25933
27779
29847
25755
28270
28487
25904
28513
25768
28678
28436
26042
30149
28342
26007
28262
25625
28505
28578
25745
28071
28378
25985
28796
25762
28722
29178
26297
28414
29433
26254
28769
26083
28477
28379
26236
28186
28293
26298
28216
25335
28377
28273
26145
31962
28296
26405
28873
25815
28291
29421
25924
28342
28639
26061
28364
25835
28556
28406
25944
28348
29354
26634
28452
25796
28198
28194
25871
28416
28206
25952
28466
25771
28388
29782
26457
30413
28737
25465
28682
25559
28001
28831
25992
28164
28321
25623
28855
25863
28226
27969
25767
28390
31338
26075
28129
25967
28188
29701
26170
28540
28259
26263
28944
25752
28273
28793
25949
30281
28267
26078
28228
26007
29032
28440
26038
28162
28453
26193
28497
25216
28784
29973
25943
29014
29202
26170
28456
26082
29535
28785
26189
28156
28436
26124
28438
25809
28546
28413
28125
30102
28414
26306
28473
26166
30253
29745
26294
28675
28527
26015
28846
25786
28370
27901
25693
28260
28891
26610
28375
25906
28518
28836
25994
28523
28272
26176
27783
25735
28533
29056
26182
30569
28744
26304
28170
25965
28636
28461
25855
28119
28450
25711
28468
25799
28797
31046
29291
28179
29376
25987
28256
25760
28323
29843
25598
28658
28486
26268
28542
25745
28471
28156
26364
30090
28344
26384
28372
25859
27934
28488
25514
28147
28344
25941
28355
26083
28621
29649
26047
28451
29416
26009
28009
25891
28653
28561
26124
28572
28260
26128
28236
25528
28487
28306
26108
30039
28477
26000
28526
25855
28284
29446
26218
28249
29617
25997
28862
26034
28532
28685
25846
28225
29454
26271
28849
25469
28634
29051
25973
28511
28194
25982
28289
25589
28663
29852
26279
30141
28517
26630
28534
27818
28844
28654
25916
28139
28354
25915
28748
25899
28560
28506
26156
28152
Average throughput: 35570.352822 op/s latency: 27.814500 usec
Done!
