Run the test of 10000 requests
29583456 blocks in total, max key is 887503681
Cache built. 2 layers 32 entries in total.
thread 0 op_count 5000
thread 1 op_count 5000
74572
69261
44789
43952
46676
45799
46093
45333
45456
45381
44077
43638
46154
45570
43726
43677
45223
45093
45848
46023
45788
45444
43805
43425
48856
46800
43286
44038
45236
45408
43767
44139
45218
45194
43568
43279
47998
47630
43740
44338
46009
45586
45108
44850
44991
45459
44068
43849
46498
45382
44127
43326
47278
47325
46899
46584
46361
46668
44406
44458
45441
46848
44516
43725
47331
45647
43940
44131
45726
45763
44171
44568
47968
48103
44204
44726
46515
45492
43618
45359
46876
46894
44405
44229
46398
46597
44145
43848
46817
46186
46057
46260
46023
45653
43943
44958
46408
46661
44596
43927
46393
46546
44158
44138
49572
46014
43797
43902
47010
47462
44150
44055
47057
46600
43756
45191
46109
45471
44062
43541
45682
45152
69821
72233
45445
45351
44012
44068
50134
49608
49809
53805
49287
47389
45044
46650
46441
46659
43898
44206
46239
46204
43619
43782
46787
46588
46392
46232
46461
46690
44184
43957
47539
46959
44652
44511
46611
46511
43626
43690
50436
49233
44765
44959
49683
48676
43362
44088
47666
46318
44408
44823
48065
48406
43881
45041
47404
46878
44421
45371
47270
46355
46221
45739
46744
46953
43876
44503
47452
47718
45138
44232
46802
47028
44795
43506
45890
46481
44149
43752
48423
49021
43812
43557
47026
46444
43959
44459
47116
46157
43815
43708
46847
46392
43922
43719
46351
45980
45811
45570
46846
46869
44315
44071
46272
47620
45125
43824
46511
45977
43917
43625
48162
51937
44297
43404
47922
48483
44066
43698
46557
46208
43875
44863
47180
46441
43773
43848
46543
46247
43814
43587
46458
46483
43771
43679
48202
49061
43968
42961
46829
46371
44418
45122
47285
46330
44091
43818
47067
46089
43769
43968
46261
46650
46416
46264
46594
46269
43913
44072
47326
46768
44154
43592
47400
46245
44245
43276
46482
46131
44440
43612
49434
49979
43905
43666
46125
46154
44691
44301
47056
46086
43985
43597
46110
46173
43752
43499
46194
47216
45759
45461
46494
46037
44187
43869
47157
48673
43620
47306
45307
46671
43457
44512
46974
46153
43824
43693
48137
48472
44349
43870
49081
49032
44725
44025
46503
47388
44008
43907
46660
47374
43939
43890
46421
46699
46415
45950
46395
46389
43614
44548
48324
48041
43633
44771
46952
49922
43844
44182
46114
46723
43690
44645
48488
47991
44481
44740
46330
46415
44498
44309
45819
47926
44068
43812
46549
46567
43739
44829
46823
47838
46370
44515
46367
49236
43528
43826
46182
46579
44412
45373
46180
46788
43954
43995
46422
46623
44116
43888
46260
46339
45940
45528
46550
46909
43697
44078
46857
47200
44138
45629
47472
48254
43958
44700
46136
46847
43989
43957
48874
49452
43573
43575
46010
47624
46316
44885
46249
46785
43693
44488
46205
46559
43486
44253
46309
47619
45043
47229
46953
46947
44244
43958
47453
46239
44162
44808
46004
46923
44286
44231
46168
46558
44547
43590
48161
48463
44002
44239
46095
46531
45438
44143
45845
48189
43667
44404
46548
46576
43900
45092
48421
48405
45842
45893
46554
46839
43715
44638
46979
46426
43482
45865
49515
46242
44517
44349
47360
46739
43444
44455
48556
49382
44666
44315
46887
46703
45201
44947
46659
47315
44823
44489
47608
51821
47763
44590
46580
46510
46119
44919
47625
48536
44009
44129
45918
46219
44901
45269
45765
47162
44650
43486
46496
46802
44043
43731
46359
46523
45880
45721
53404
55309
51692
44115
47292
46899
43940
44134
46330
46727
44599
43937
46529
46744
44879
44688
48508
48451
44369
43701
46742
46445
44694
45472
46024
47030
44529
44352
46518
46983
44885
44168
46172
47260
46458
45986
46394
46782
43729
44168
46928
46468
43822
44329
46531
46456
43860
43816
46504
46384
43813
43688
48450
48653
43924
43623
46557
46792
44378
43884
47349
49393
44326
45271
47042
47084
43473
44115
46059
47174
45728
46549
47261
47428
44092
44394
47201
51038
44036
46956
46344
46351
44130
43678
46542
46801
44005
44414
47793
48608
44325
43794
46060
46475
44648
43770
46402
47658
46000
44313
46205
46658
44162
44066
46608
46427
45919
44336
46629
48567
44126
43421
46049
46620
44980
44865
46297
46548
44344
43910
47708
48112
44055
44246
48542
47156
46765
45709
46182
46997
44559
43749
47162
47819
43988
43841
46402
46665
44096
43673
46016
46844
43905
43857
48710
51775
46733
44308
46565
47037
44687
44653
46817
46814
43939
43754
46619
47856
44229
44869
47282
46827
45935
46085
46787
46825
43591
44279
47230
46245
44453
44976
47759
46629
44649
44733
47443
46217
46429
48685
49545
49508
44680
44239
47947
47126
47112
43516
46076
47083
44667
43418
46029
47352
43195
43468
46101
46265
45502
45930
49936
46436
44025
44022
48363
47116
43819
45177
46177
47099
43713
44218
46446
46565
43581
43648
48335
48575
44237
43619
46134
46623
45386
44534
46836
47754
43989
43915
46043
47314
44005
43888
46851
46502
45632
43763
47547
48483
44112
43669
45662
49935
45201
45347
46422
46497
44121
44182
46804
46754
43822
44140
46365
46261
46187
46495
47287
47228
43700
43786
47571
47608
44232
43951
46202
46086
43702
43944
46434
46599
43949
44354
49248
48741
44243
43905
46004
45773
44821
45943
46120
46986
44278
43933
46234
46862
44604
43870
45953
47008
47008
46110
47100
47567
44154
43708
48568
46983
43695
44907
46361
48781
44242
43347
46021
47049
43949
43749
48966
49255
43828
43283
46007
46744
48959
43809
47678
47376
45692
46631
46600
47630
44162
43768
46081
46699
46054
46453
47207
51307
44560
45127
47920
46703
43854
45578
46773
45974
43877
44471
46375
46382
44399
44147
48633
48642
43614
44001
46518
46686
44721
43989
46912
47343
44452
44344
47760
47111
43826
44189
46580
48253
46166
44815
47480
48584
44424
43973
46280
46841
44279
47028
46407
46286
43750
43830
46574
47330
43534
44033
47769
47539
45475
45619
46026
43574
46699
43318
47205
47812
44967
45039
47522
43241
46530
43718
46755
43728
46357
43934
49355
44704
52622
49052
54069
44254
46743
44512
47046
43766
46711
44746
46550
44181
46097
44241
47492
46323
46363
45620
46229
43824
48283
44140
46633
43640
47392
46672
44886
43969
46677
46431
43943
43862
47120
48712
44350
43893
48291
46451
43478
44749
46500
45906
44272
44082
47991
46459
43449
43524
45982
44041
50110
46240
47066
46466
45909
44258
47568
44029
47827
44266
47899
45914
44871
43735
46290
46487
43901
43415
46924
48802
45091
43614
48407
47851
44239
46125
46475
46809
43785
43997
48923
46368
43997
43636
46425
46749
44884
45696
47054
49364
47875
45200
50991
46436
43744
44710
46970
45965
44801
43576
46498
46400
44341
43443
46603
46632
44709
45529
46549
46214
46983
44001
47268
47506
44090
43900
52983
47087
44011
43674
47443
46737
44522
43446
46976
47734
44513
43996
48051
46090
44751
44832
46613
47405
44565
43881
46347
46749
44577
44031
47956
46632
43490
46317
46693
46249
46326
43694
45772
47860
44650
43576
46976
47025
46018
44239
47330
46762
44718
44870
46945
48995
44130
43707
48090
46370
44037
44914
48021
46133
43991
43309
47841
46093
44369
43828
46862
47014
44396
45989
50248
46388
45795
44422
46281
47208
44072
45529
48391
47849
45299
43382
46335
47556
43770
45238
46523
48366
44248
43556
50840
46670
44028
44951
47367
46425
44017
43370
47533
46235
44212
43988
47012
46595
44925
45786
47826
46514
45364
43909
48674
46023
44218
44347
46499
46567
44936
43520
46403
46001
43536
43764
46252
46535
44179
45767
46317
46594
46115
43741
46213
47119
43715
43816
47204
46190
44009
43692
47140
46087
43984
44975
46413
50528
44321
43445
48725
46622
44142
44733
46410
48435
46584
50301
46411
47474
43863
44435
46611
46639
45658
44034
47155
47044
44027
45370
47514
47400
44315
45174
45844
46537
43893
45124
46452
46642
44382
44310
48256
46549
44152
44878
46517
49291
44746
43888
46344
46652
44098
44075
50741
47352
44581
44199
46575
46999
45598
44144
46647
47407
44862
46535
48248
46882
44243
44265
46349
46727
43362
44811
46647
47398
44283
43752
48236
47170
44121
44142
46379
48339
45000
44375
46545
46004
43950
43746
46491
47086
43627
43830
46351
46619
45646
43973
46168
46721
43527
43940
48487
48556
44516
43483
46049
46621
43757
44660
46008
46253
44394
43914
46735
46803
45705
44366
46583
47120
43854
46352
49114
46436
43851
43815
47621
47922
43748
43890
46271
45943
43491
43904
48176
48632
44400
43796
46511
49021
44912
43669
46566
46645
44465
44573
46204
47036
44051
45263
46605
46599
46033
46172
47746
46452
49966
50616
50740
48408
44074
43861
46407
47159
44039
44988
46173
46914
43361
44848
48430
46879
44382
44078
46675
49092
44998
45240
46816
46771
44435
44484
47467
51118
43686
44438
48739
47018
49456
43850
46540
48672
43902
46095
46998
47054
44166
44442
46288
47291
44662
46282
46420
48323
44153
44258
48847
46026
44133
44146
46420
48278
45212
44170
45985
47722
44503
44102
45807
47100
44191
43502
46974
47364
45858
43786
46550
47266
44654
44137
47519
49350
45084
44224
47404
47244
44846
44972
46135
46866
44060
44096
46505
45708
47225
45136
47726
46529
44721
52864
52608
49140
44104
43445
46432
47353
43585
43822
46759
46400
43855
44478
48325
46752
44226
44434
46484
48274
44817
43826
45928
47411
44340
45865
46359
47058
44204
43537
46302
47187
45744
44063
46136
46538
43675
46075
47376
46403
44297
43537
46535
47367
44090
44834
47003
46638
43753
44126
48444
47264
44296
44110
46112
48682
45280
44056
51626
46815
43651
45425
46815
52048
45324
43645
46539
46991
45324
44218
46230
47985
43963
46287
47667
43741
46854
44768
46666
43713
47002
47051
45108
43522
47087
44341
49222
43633
46188
44270
46143
44862
48928
46782
43926
43867
47358
46832
44055
43889
47463
46332
43820
46039
46764
46626
44011
43978
46587
46045
44137
45131
50878
47029
44158
44325
45962
47390
45142
43976
46148
47289
44931
45547
47929
46739
44582
43947
46337
47868
46652
44316
46103
47436
44084
43772
46992
47257
44537
43657
46414
48788
44242
44233
46231
47022
45724
44389
48069
47452
44928
43690
45988
47025
44706
44053
46705
46101
44356
46503
46897
46625
44888
43613
46602
50499
46054
43533
46658
46452
44641
44250
46702
46513
44876
44265
46293
44074
51218
44212
46444
44231
46739
44995
50324
47005
43813
43200
50975
46742
44027
44306
47429
46204
44146
46177
46978
46135
44302
44617
46636
47705
45791
44246
47173
46267
44720
44487
46880
46594
44519
43785
46348
49390
44143
43724
47646
45818
43864
44516
49031
47412
44221
44442
46265
46861
43995
43322
47955
46571
44171
45776
46287
47335
44234
43517
46804
47657
44476
44374
48735
46603
44519
44328
47537
45878
45299
44393
47313
47040
44248
46194
46764
46348
43908
43741
46568
47859
46656
43845
46785
46295
44170
44949
48032
46703
44128
43797
47256
48377
44109
43738
46548
46092
43992
44515
48444
46666
44175
43518
46314
47259
45800
43447
46525
48315
45759
45852
47271
46943
43843
43669
46488
47944
46596
44306
46387
47940
44245
43586
46977
46395
45143
43711
49131
49037
44874
43797
46416
59598
49392
47411
52617
46162
44076
44273
46648
47104
44376
44227
47543
46330
44045
45299
46428
46401
44544
43699
46694
47630
46914
44246
46178
46661
43958
43910
46424
46978
45316
44187
46711
49414
44377
43636
46125
46983
43654
44168
48455
47276
44098
43755
46684
46138
43599
44110
50047
48147
43802
45656
48230
46439
44668
44604
49446
47130
46227
44213
48401
46576
44350
43733
48060
47117
44865
43759
46845
46100
44585
45538
46633
46863
44638
43831
47000
47811
45784
43659
46517
46394
44179
43442
47384
46749
44451
43634
47830
49455
43823
43742
46659
46322
43852
45106
48305
46552
44492
44122
47673
46861
44719
43978
46623
47770
44416
46211
46378
48570
44095
44232
47198
47608
45601
43912
47423
47063
43887
43504
46092
46633
44409
43692
47119
48341
44206
43705
46979
50287
44638
45913
52797
46486
45078
43911
46841
46706
44138
44424
47881
46453
44154
45651
46938
47108
44430
43731
47314
52763
46901
44171
47335
46897
44026
44260
46391
46598
45082
44887
46355
48529
44846
43535
46667
46627
43951
44397
48943
47867
43730
43883
46253
46633
44027
43709
48799
46836
45136
45895
47627
46919
44990
44004
47031
47109
44853
45184
48773
46168
43647
43847
46790
46625
44626
43675
45761
46958
44709
45877
46796
46832
44640
43503
46473
46966
46217
43820
46619
46624
44036
44167
47182
47055
44272
44300
46608
48465
43874
43560
46219
46277
43968
44347
48286
46133
43810
43956
47050
47791
45075
43833
46522
46867
43897
45718
48854
46419
44117
43668
47144
47712
46344
44247
46663
47009
43878
43761
47486
46561
44863
43258
46447
52053
43946
43946
46645
45986
44037
49447
48802
46712
43820
43572
46997
45856
44003
43747
47111
46489
44283
45869
46350
46258
43868
43569
46776
47111
46399
43648
46944
46851
43920
43818
46816
46370
44440
45936
47846
50098
45228
44255
47066
48736
44443
44058
47162
49025
43830
43969
46316
46235
43778
44332
46904
47157
46297
44107
46663
46220
43925
43566
47143
48056
44672
44760
46965
48633
43907
44110
46375
46150
44595
48870
46553
47551
45643
44470
46415
47305
44475
44078
47150
46301
44808
46591
45561
46457
43719
44127
46331
49179
43556
45075
48855
46756
44504
44316
48151
47103
44934
44273
47238
49576
44050
43956
46460
46750
43958
44929
46305
46721
46155
44368
46397
47278
43691
44120
47271
46743
43709
46066
45832
46450
44061
43876
46364
47031
44584
44292
48124
51185
43575
44346
46745
46690
45004
44279
46397
48838
44163
44007
46353
46623
44445
43573
46231
47415
45824
43949
46953
46895
44052
51915
52474
50809
44343
45610
47694
47116
44273
50786
51294
47425
43367
45389
48532
46369
43854
45153
47035
46255
44609
43980
46199
48855
44553
43869
45921
46319
44692
44129
45939
47421
46038
44676
47260
46411
44360
44292
47747
47601
47820
43706
45838
48050
43643
43660
46656
46169
44447
49050
45973
46617
46169
44773
46556
46717
43945
44056
46710
46820
44824
45597
47229
47400
44227
44027
47288
48112
44926
44186
48237
47910
44426
44068
45444
46671
44595
43896
45800
48179
44346
45607
46467
46835
44170
45377
46439
47381
46453
44412
45494
49311
46788
44203
47319
47162
44422
45797
45983
46792
44045
43740
49795
46091
44304
45895
48357
47235
43417
43663
46395
46920
44805
44397
45878
48454
44767
44300
45688
46668
44198
44046
46123
47725
45862
44006
47410
46906
44942
44087
46999
47796
44382
46138
45892
46583
43715
43749
46161
43409
47000
45373
48264
43897
46143
45340
44613
43986
46713
46076
43753
44514
47892
46156
43630
43434
45930
46408
43815
45772
47801
46198
43581
44155
46809
46593
44244
44935
46987
46125
44313
43704
48463
47293
44009
43955
46502
46422
45485
45517
46977
46657
44537
44555
46559
48353
44780
43802
46515
46553
47087
44155
48029
46553
44400
44036
47386
48746
44252
44080
46877
47068
43622
44807
47013
46484
43901
45364
49003
46351
43748
43785
46653
46737
44762
46293
46727
46671
44581
43766
46277
47801
43841
44048
46338
47006
46393
43878
46965
46654
44179
43551
50590
48443
46993
43543
46890
45885
44095
44534
46408
46979
43428
43216
48835
48372
44311
43713
47098
46838
44523
45697
49308
46621
43663
44137
46440
47570
43949
43574
46538
46713
46453
44107
47565
48894
46823
44491
46672
49343
45446
44096
45900
46163
44039
45049
45636
46652
44904
43729
48322
47016
44551
44084
47083
46826
44277
46781
48149
46420
43855
44147
46111
46294
44788
44420
46352
46353
45314
44312
48833
47550
43821
43685
47025
47701
45204
45808
46430
47363
43995
44094
47974
47544
44154
44251
46733
46887
46205
43891
46064
46338
43797
43537
47299
48380
44012
43394
46305
46832
44588
46569
46219
46628
44010
44788
49058
47702
44141
43922
47336
47295
45087
46124
46151
46489
44787
44049
47947
47769
44179
43594
46774
52362
45909
44264
46905
46323
45093
43629
46125
48682
45179
43233
46312
48030
44574
44371
46227
46473
43851
44080
50144
47100
44628
44734
47768
46503
43862
46141
47772
46630
44313
43911
46152
47438
44370
43909
46294
46616
45781
44092
47335
46868
43893
44844
48016
49058
45021
43931
47504
46934
48317
52927
53861
48606
44817
45271
49409
47139
44790
43520
46050
46894
44520
45510
47293
46615
43696
43970
46122
45945
44097
44203
46586
47386
44868
43613
48042
46485
43850
44494
48673
46265
45319
46046
47500
49098
44403
44281
46859
47497
44352
43858
46733
46873
46648
44545
47129
47376
44163
44660
48749
48795
44022
44899
46598
46795
43831
44592
46129
46463
44574
44249
48112
46072
43806
43934
46639
46532
45456
45464
46668
46604
44092
44176
47767
47530
44289
44725
47652
46723
46505
44493
50148
47925
44068
43639
46656
48989
45444
43647
48122
46204
44811
45398
47450
45998
44559
43680
48072
46027
43808
43520
46510
46010
43854
45806
47282
47065
44207
43718
46446
46971
43869
43788
47389
46161
46318
43964
46749
47427
45382
44442
46915
49165
47196
44463
46237
46293
44486
44564
47507
46234
44361
43706
48326
46206
43966
44233
46156
46329
43845
45072
47430
48506
43841
43762
46470
46132
44486
44235
47520
45876
44039
44497
49169
46864
44803
44840
46647
47208
45268
45503
46550
47226
45262
44382
47303
48103
43870
44064
46180
46898
46511
44448
46761
46932
44447
44507
47505
48685
43599
44126
46203
46500
43911
44976
46331
46608
44585
43471
48554
46167
44369
44221
46608
47424
44695
46154
46952
46594
43584
43295
46524
52477
43970
43616
47721
46728
45785
56859
46669
46252
43523
43815
48395
45972
43659
45164
46107
46085
46811
44022
46447
47434
43761
44023
45779
48612
43932
43835
46015
47091
46109
44947
46560
47836
43853
44495
47188
47430
43745
44760
46111
46521
43983
46302
46674
46616
44072
44479
48307
45587
44508
45087
45866
46582
44649
44161
46560
47145
46404
44832
47174
48361
44792
44331
46200
47643
45952
44128
46432
47671
43911
43607
46435
45972
44123
43660
46714
46409
44116
43900
46021
48213
44120
43719
46377
46288
45427
44500
45901
46175
43834
44336
46740
46108
43396
43982
45893
47225
43999
46337
46265
46387
43418
44371
48739
47613
44098
44357
46220
46276
44924
44526
46119
46688
44508
43803
46845
48658
43913
44051
47767
47164
46379
46015
52828
53261
44345
44379
46781
50335
44777
43671
46592
46307
44100
46343
46729
46413
43930
44803
49514
46835
44548
44637
46811
46050
44628
43638
45943
47269
43850
43942
46111
47730
44933
43816
46673
47185
45690
43848
46049
47417
43562
44414
47525
47017
43984
43761
45969
46827
43971
47389
46999
47021
43662
44051
48598
46221
46222
47737
48259
46343
44406
43979
47403
49064
44208
43967
46129
48846
43719
43636
47112
45806
45789
43944
46077
48191
44889
44451
46169
53281
48110
45185
46569
46625
43639
43256
47157
48922
43951
44112
45845
46409
46318
47390
46900
46656
43842
43689
47401
46321
44648
44655
46216
46441
43872
45969
46967
46434
44385
43778
48313
47613
43997
43860
46157
46736
45071
44055
47487
46689
43883
44715
46204
50732
43857
44169
45741
47043
46393
44518
50638
47055
44560
44159
47260
46634
44549
43823
46265
46900
44480
45592
46439
46285
44264
44078
48352
46989
44513
45184
46639
46509
44763
44040
47867
46400
43926
43912
46262
48334
44752
44244
45930
46669
46214
44075
46462
48565
44387
43830
46885
46822
44107
44198
45779
46946
43959
46558
47968
46100
43919
44486
48896
48846
43927
45338
45957
46932
47084
44305
46733
46630
43667
44060
46853
48274
43969
44704
46487
46247
45802
44925
47294
47648
43876
44176
46751
46545
44937
44592
46752
46887
43939
44240
48359
49421
43799
44090
46101
46593
46026
45148
47069
46525
43705
44497
47185
46682
44062
46394
50140
46605
43858
46521
46167
46782
43716
44008
49482
46408
44620
44911
46875
47811
45108
44341
46430
46292
44081
44413
46978
48687
44214
43979
45729
46628
45749
45195
46135
51021
44135
44296
51532
46921
44650
43811
46289
46769
44755
46085
46491
46647
43670
43854
48829
46782
44656
44515
46851
46119
45017
44249
45945
46294
43953
44009
46030
49200
44486
43594
46345
47364
45683
44031
46094
47441
43972
43709
48884
46095
44293
44068
45859
48354
44044
45462
46681
46616
44026
43308
49128
47163
44344
44595
46207
46626
44762
43785
46981
47551
44374
43738
45913
48371
44727
43530
46335
46556
45597
44247
46983
48183
43971
44062
46203
47269
44953
43619
45925
46537
43843
43692
46555
48795
43687
44033
46687
46575
45470
45099
46494
46823
43950
44228
48076
46596
43509
44819
48261
46815
43444
46309
46457
47330
43987
43960
48214
46781
44146
43637
46660
46666
44604
44206
45982
46137
43662
43943
47615
48867
44281
43767
49539
46702
46425
47075
46591
46624
44085
43440
47447
46328
43795
43231
46208
45983
43736
45621
47146
46780
43566
44465
50656
46828
43946
45572
46223
46304
44517
43992
46690
45817
43836
45222
47208
48178
43986
44593
47903
46726
46038
44361
45976
48791
43960
44259
47219
47065
43733
44170
46422
46036
44044
45599
45957
47145
43459
43695
48312
46119
44485
45081
45958
46479
44793
43713
46459
47352
43376
43944
46614
48811
44651
45232
46973
46408
45993
43482
46683
46949
43479
44007
46579
18446744072709597986
18446744072709596139
43844
46472
46412
44029
43549
46093
47864
43816
44236
46596
46498
45787
49887
47842
44303
46896
51759
56862
43840
50321
46588
43383
44256
47018
45940
45582
43810
46146
48157
44297
44148
47862
46254
44343
44262
46172
46863
43673
43760
46202
46201
43478
43997
48877
47960
44441
46464
50272
46333
44975
44912
46097
47538
45012
43873
46393
46500
44324
44116
48475
46730
45824
43710
46702
48504
44512
44472
47233
46968
44557
44381
47509
47833
44111
44163
48748
46409
44152
43720
47994
47223
44211
45538
45803
46141
44076
43365
47160
46805
43871
43499
46178
46863
44005
43935
46423
46028
46552
44049
47499
49164
43937
44742
46338
46641
45263
44731
46097
46412
44827
46267
47107
46485
44055
44150
49394
47093
44152
45817
47875
47125
44314
44234
46563
46139
44248
45222
46743
46024
43751
45822
53411
59409
44148
44263
50043
46657
44353
46273
46884
46801
45175
43883
46483
47639
43792
43808
46251
46133
44019
43947
46649
46735
45931
43819
46705
48334
44048
43475
47134
46882
45007
43963
46689
46842
43930
43632
45941
50609
45518
43585
48268
46367
45071
46225
46510
46056
45033
43771
46059
47660
43770
43741
47112
46114
44174
43630
47172
46660
45707
44472
46649
49931
44691
43263
47633
46616
44699
44529
47389
47038
44456
44367
48029
47057
44402
44173
48689
46649
43940
46133
46666
46763
44495
44047
49211
47092
44282
43865
46456
46527
44317
43540
46299
46182
46782
43953
46911
49195
44177
43693
46663
46327
45140
45680
46928
46131
43974
44443
47463
46219
44284
44365
48364
46845
43894
46283
46617
47059
43817
44286
46675
47703
43748
44686
48173
50982
47642
43856
46099
47096
43730
43654
48094
46583
44157
45322
46308
46197
45221
44061
46359
47611
44058
43866
46514
46460
44848
44794
46072
47088
45864
46587
49161
48998
43544
43444
47586
46504
44612
44583
46760
46448
44023
43470
50350
46778
44482
43902
48060
46637
44020
45455
46914
45883
45191
43484
46291
49191
43886
43451
46871
46989
44390
43914
48240
46310
46718
44179
46476
48749
44139
43964
46244
46794
45393
44802
46221
46646
43606
44199
46973
46396
43721
43607
47988
46402
45360
46782
45772
46365
43786
43541
47130
47161
43981
44191
46897
46321
43909
43741
46039
46997
46041
43908
47347
49149
43717
43835
46761
46313
45068
44837
46678
46401
44557
43963
47976
47143
44093
44353
48564
48369
44352
46291
48023
46719
44488
44643
48601
47558
44154
45250
47649
46152
43603
43323
46496
46769
44702
43587
48024
46513
43580
45397
46782
46154
45205
43551
45920
47076
43815
43758
46077
45892
44024
43868
45907
45895
46022
43982
46425
48405
43645
43699
47157
46601
48570
46350
54372
58104
44255
43196
45850
45982
43969
43665
48253
46556
44213
45827
46105
47367
44748
43968
48114
47056
44132
43963
46388
46362
44074
44029
47200
46993
46027
43807
46949
48509
43512
44414
46227
46108
45219
44656
49332
47081
43617
43981
46488
46446
44072
43555
48631
46018
43290
45807
46308
46131
43883
43453
47249
47140
44081
42998
46647
46524
43930
43882
45971
46332
46115
43881
46366
48940
43846
43653
46345
45950
44639
44524
46536
48115
45037
44036
48178
49367
43878
43584
48118
46290
44114
46404
46770
46376
43926
43511
49985
46673
44647
44908
46666
46569
44278
44300
46785
47256
44474
43745
47276
49320
46094
44449
47100
47026
43944
44929
47088
46370
44120
43717
46557
47821
43692
44613
46862
46573
43630
45419
47832
45826
43782
44257
45299
47365
44622
44129
46682
48255
44039
44466
48300
46759
43684
43141
46691
48797
46716
44496
46693
46150
43699
44536
47028
46341
44009
43618
46094
46231
44648
44539
45851
46271
44068
45236
48898
46443
43988
43668
46345
46010
44651
44351
46169
46861
44277
43897
46113
46525
43916
44100
46001
48501
45499
44386
46492
46629
44117
43912
49357
47449
43711
44125
46294
46432
43674
43370
46864
46629
43580
46239
50336
47013
43953
44118
46127
48301
44799
44686
46469
46649
44018
44142
46653
46181
44090
43962
46068
50226
46772
45013
46874
47954
43940
44466
45890
47313
44738
44365
46370
49373
44030
44928
46701
46337
44965
44006
46415
50067
45566
44290
45667
46862
44006
44579
47348
46837
44092
44146
45956
46202
43832
44035
45736
46379
44315
46395
48158
46528
43764
43883
49866
48304
45173
44029
46078
47794
43862
43836
46039
46212
44000
43784
46357
48139
45971
43816
46865
46352
44306
44967
47181
46714
43768
43957
46196
46560
43762
43573
46715
45765
43913
45585
48185
47257
44000
43808
46657
46061
44654
44750
46818
46553
43714
43652
45928
46241
43458
44830
46571
48786
46270
44459
46053
47524
43805
44122
48208
47143
43662
44704
48021
46255
44317
43710
46785
48027
43368
46783
48626
46647
44004
44155
45790
47016
44549
44901
46161
46783
44199
44632
45997
46091
43964
43608
47168
48763
46399
45267
46855
46485
43907
43652
46620
47597
44981
43496
47021
46387
44751
44067
46205
47443
44348
43388
46345
48774
46001
43528
45884
46461
43716
44607
47384
46218
43883
44421
48629
46855
43916
43907
47620
48041
43973
45819
48005
48488
44083
43878
46790
49522
47372
47036
47368
46509
43600
44855
46942
46444
44357
43963
46876
47655
45752
43915
46035
46562
43875
45392
48676
51943
48525
47882
50853
46915
44148
44400
47016
46679
44384
46691
48626
46187
43656
44699
46602
46064
45209
45760
46676
46236
43602
44148
46226
46233
44198
43966
47365
49247
45620
43719
48382
47720
43892
43930
47280
46950
43724
45203
46886
46596
44645
44918
48081
45875
43922
46081
49148
46957
44258
43674
45848
46354
44874
44717
46580
46484
43645
43693
46386
46310
44156
43417
46374
48259
46045
44358
46781
46827
44187
43781
46841
47989
46831
43774
46761
46221
43799
43767
45926
47582
43722
44254
45906
48085
45310
43718
46155
47375
43540
46496
48814
47794
44023
44174
46100
47000
43666
43875
46617
47325
44649
45905
50728
46041
43654
44323
46234
47801
49121
44081
45838
46669
44278
43415
45983
47137
44357
43634
46360
48001
45885
43842
46036
46948
44009
44443
47109
46875
43868
44066
46226
46466
43594
43344
46316
46569
44586
45593
48599
46000
43259
43797
46036
45743
44916
45682
45924
46465
44779
43609
47686
48069
44213
47296
49408
53923
50900
43300
46124
46225
43874
43913
47274
47379
43821
43848
46736
46533
43972
44021
46498
46185
43991
45702
48093
46300
44154
43817
45997
46378
44723
44527
46259
45804
44266
43807
45793
46891
43782
44011
46362
48379
46144
44523
46614
46497
44037
43353
46282
47190
44661
43488
46177
46664
43861
43695
46576
46133
43946
44123
47616
50407
45716
43536
47010
46658
44144
44347
47071
46670
44095
43946
47143
46546
44532
43864
46256
49461
44702
45838
49436
46531
44192
43346
46542
47267
45486
44178
46115
46341
44759
44264
46619
46260
44106
44042
46422
48959
45444
43909
45680
46201
43826
44398
46673
45977
44134
44486
46597
47042
44707
44198
46395
46892
43621
45949
48621
46271
43439
44441
47621
48118
45166
46842
45961
47009
43695
44198
45904
46244
44680
43933
46007
48797
46714
44033
46298
47200
44264
44087
46770
47011
43966
43609
45939
46196
43374
43903
46290
46100
44140
46840
48630
47015
43672
43542
46479
46977
43978
44597
46933
46810
43869
44719
47258
46580
43602
44625
46668
48312
45959
44944
47034
46510
43921
44061
47073
45428
54725
43770
47722
43846
47719
43996
46420
45984
44202
43762
47349
48040
45882
43541
46535
46061
44053
44734
46666
46870
43317
43885
45639
46098
43623
44008
48724
46512
44051
46442
48449
45864
43523
43801
46025
47511
46792
43848
46541
47143
44286
43998
46099
46661
43915
44237
46281
48062
46547
43962
45904
47103
43664
44531
46973
46839
44027
43771
46408
46678
43728
43079
47872
48297
45009
45840
48086
46268
44585
43992
46056
46964
44643
44638
45912
54645
56575
44778
47062
47136
45209
44546
46423
49024
46376
44112
46805
46926
43723
44291
47105
47439
43898
43542
46148
46209
43903
44130
46119
47456
44615
45782
48428
47106
44376
44029
46243
46657
45145
44854
46032
46539
44462
43965
45862
46842
44176
44005
46032
48644
45861
44238
47526
48658
43858
44123
46446
44455
47285
44323
46723
43978
46296
44385
46403
44435
46563
44574
46032
46326
48371
44151
46420
43614
46267
46901
45222
43496
46985
46072
44423
45107
49108
47286
44669
43305
46315
48400
46633
43882
46511
46748
44022
44599
47197
46623
44147
44268
46480
46856
44165
44370
49879
46716
44322
46259
49280
46680
44045
44078
46820
47690
44696
43635
47983
46253
44533
43800
46323
46479
43856
44227
46223
48127
46178
43888
46775
46147
44268
44553
46134
45968
45182
44358
47113
46717
44249
44437
47295
46159
44014
45607
48778
46559
44027
43662
46513
46973
43984
43216
47227
46820
45008
43921
46779
46395
44507
43782
46394
49441
46259
43587
46301
45791
43922
44443
46586
47175
47087
44954
46507
47447
43981
44136
48657
46848
43730
45277
47385
48286
45590
44349
46890
46673
43836
44782
47126
46714
44383
44465
47876
46253
44098
43922
46724
46775
44771
46097
48895
47567
44474
43504
46680
49609
45557
44340
46727
46415
43960
44052
46660
46659
44047
43854
46594
47892
46335
43755
46415
45719
44724
44432
47147
45754
43968
44302
46046
48057
44842
43817
46479
46164
44014
45768
49728
45871
43910
44495
47929
47736
44615
44081
46893
46994
44664
45241
47569
46920
43868
43774
47325
50030
45900
43835
45767
46278
44609
47069
47522
46564
44267
44037
46980
46147
43973
44043
47075
46949
43986
45462
48421
46285
44504
43978
49437
50375
43901
43560
48002
47184
44228
44376
46810
46916
44598
43928
46754
49392
45867
43734
47308
47270
43953
45657
48198
46143
45424
44838
46753
46240
44090
43381
46038
46264
44495
43532
46232
48914
45627
43797
46121
46577
44035
44924
46995
46252
43916
43367
46516
45774
43891
43778
46137
46644
44181
46196
48331
46095
44696
43717
46220
47389
44556
43487
48306
46483
44542
44926
46199
45380
43901
44943
47362
49085
45966
43854
46141
48144
44298
44461
47176
46715
43465
43732
48260
46160
44083
43744
47033
47568
43756
46341
48376
46994
44046
43888
46189
47810
45466
43930
46178
47163
43374
43536
46175
47054
44685
43681
45966
49178
46440
43890
46327
45655
44140
44891
46055
46754
45051
43782
46194
46772
44281
43451
45839
46615
44020
45678
49169
47153
44113
44142
46648
47593
44082
43358
46737
50493
50340
52836
49763
46776
44323
44152
48277
49023
47256
44393
47475
46312
44278
44758
46756
46368
45278
43927
46102
46240
43913
44563
46916
46833
44057
43972
46144
48916
46513
43730
46258
47338
44402
44823
47576
46557
44210
43734
49013
47689
44622
44686
47403
46701
44519
46970
48064
48824
44024
43580
46086
46816
48052
44197
47154
47600
44008
44577
46917
48049
43321
43308
46648
48117
45901
43511
48476
46849
43998
46206
51878
48469
43788
43996
46829
46160
43808
43638
46600
46343
43880
45406
48470
45699
43874
43985
45944
46996
44272
44014
46674
46089
44199
44130
46189
46422
43831
43875
46274
48002
45910
43961
45879
46223
44126
44802
45892
46736
44629
43855
46419
46437
43618
43834
46077
46190
43947
45454
48131
47547
44471
43619
45858
46984
43947
43966
48658
46275
43024
43590
46514
46306
43978
43521
46545
49127
45394
43515
46851
46701
43356
46864
46770
47781
44625
44488
47495
47651
44362
44275
47400
46478
43995
45091
47215
47827
46380
43863
46261
46319
44070
44668
47115
45967
43503
43972
46092
45975
43529
43599
46382
46111
44087
46452
48530
46377
45745
43620
48291
48859
44642
43769
46012
46612
44168
43375
47774
47158
44273
43717
47274
49142
45630
43814
46334
46400
43209
44681
46805
46185
44125
43953
45979
46338
43807
43752
46200
46354
43643
45510
48132
46231
45673
45845
46435
47355
44657
43709
46054
46405
44233
44077
45722
46405
43490
43895
45986
48987
46072
43832
46502
46162
44147
44547
46240
46395
45142
43597
46235
47523
43963
44234
46555
45828
44289
45999
49078
46704
43612
44024
46049
47053
43817
43924
47095
46189
43976
43468
46104
46811
44583
43472
46867
48720
45804
43856
46785
46554
43678
45103
46271
46937
44779
43477
46117
46179
43621
43763
46395
46320
44363
43969
46191
48223
45651
44008
45789
46614
43942
45138
47482
46562
43682
43389
46530
46464
44494
43888
46435
49754
43924
46364
48304
46754
44030
44263
48709
47589
44855
44224
46527
47112
44175
44127
46766
45805
43673
45549
47153
49281
46034
44929
47074
46431
44188
44314
47023
46313
43948
44151
47120
47078
44488
44185
46476
46692
44771
46241
48448
46564
44475
44770
46884
47669
47040
43796
46310
46710
44546
43793
46433
46249
44190
43659
46973
48235
46415
43629
46658
48097
43958
44642
46771
46462
44411
43898
47577
46187
43368
44097
46448
47064
44133
46170
48392
46669
43470
43684
46669
47173
43426
43586
47513
46473
44089
44244
47959
47145
44182
43832
46301
48993
45956
44218
46580
46967
44466
44546
46481
46783
44982
44163
47570
55614
48803
45344
46998
47410
44169
44227
47495
48806
45594
44273
47455
47173
43720
45066
46932
47495
43727
43708
46127
46465
43734
43903
47210
46676
44342
46231
50757
46010
43527
43892
46948
49769
44381
43801
46838
46845
43717
44026
46241
46617
43719
43975
46392
48094
45638
43574
46338
45826
44302
48715
47220
46117
43876
43617
46023
46339
43829
43527
46583
46683
44658
47918
47691
47111
44226
44412
46931
46961
45480
43719
48061
46287
44364
43534
46657
47673
44581
43577
48778
48353
46151
44326
45894
46513
44241
44993
46803
46882
44552
43822
46200
46224
43917
43950
45734
46007
43884
45658
48966
46906
43860
43970
46598
47062
43712
43727
47561
46408
44006
44409
46438
46967
44350
43711
46574
48163
46714
44392
45863
46578
44125
44778
46595
46420
44463
44440
46204
46229
44320
44101
46416
46392
43853
44047
46274
49206
46212
44275
47299
46598
44324
44443
47430
46373
43863
44070
46194
48562
43819
43522
46545
46474
43989
46291
50755
49348
43985
43525
47094
46819
44607
43669
46940
46333
43702
43821
46149
46477
43521
43750
46912
48398
46166
44265
46861
45899
43695
45000
46956
46736
43560
43868
46426
46976
43802
43795
46593
46068
43874
45285
48637
46611
43640
43596
46259
48682
45078
43812
47815
46693
44209
44787
46479
46295
44100
44348
48768
48475
46082
44686
47441
47455
44991
45094
46834
46190
44400
44049
46328
47063
44363
44110
47799
47374
43966
46722
48847
46906
44242
44524
47231
48357
43721
44442
49381
47314
44660
43830
46657
47429
44519
45107
48096
48715
45817
44693
47747
47976
44584
44995
47388
46706
45248
44770
46450
47756
44150
44283
47527
46898
44169
44287
47398
48603
46417
44283
46848
47903
44278
45110
51425
46251
43784
43764
48923
46394
44206
44319
47066
46925
44553
46658
48701
46823
44145
44277
46385
47618
45081
44636
46079
46025
44580
44172
46858
46568
44485
44450
47008
48096
46373
44027
46770
46916
43770
45114
47331
46499
44040
44265
47277
47278
44819
44914
47559
48800
44251
45640
49827
46844
44538
44257
47718
49319
45821
44568
49926
49080
44110
44129
46881
46666
43973
44302
47462
48994
46755
43950
46945
46259
44376
44605
47061
46426
45141
43800
46346
46801
43784
43845
46359
46305
43816
45456
48172
48862
44096
44211
47082
47000
44331
43054
47340
45851
43897
44191
46270
46459
44585
43687
46512
48576
46833
44007
47043
48051
44162
44960
47663
46503
44999
43797
47131
47070
43860
44687
50192
51765
44402
44086
46847
48052
44764
46828
46959
46760
44593
45104
47302
49492
53315
50864
50429
50743
44294
44127
46850
47193
44102
45588
46678
49440
44053
43677
47143
47301
44416
45128
46929
46478
43723
44073
46439
46895
45112
43928
46912
48332
43700
46185
46722
46914
44300
44187
47291
47564
43887
44476
46344
48146
44303
43239
45979
46151
45526
43989
46008
48410
43896
44069
47189
46313
44386
44559
46324
46701
43919
43472
45966
46465
44200
43450
48246
46321
43733
45558
45927
46210
44640
43810
45918
46202
43916
44253
46564
46711
43874
44061
47160
46215
45798
43995
46453
48719
44031
43816
47287
46294
43913
43628
46280
47526
43685
43628
47557
46826
43803
43935
49994
50764
44182
45646
46761
47471
44371
44996
47033
47190
44925
44710
46778
46982
44606
44523
46686
46729
44875
44722
48578
46543
43776
45723
47230
47099
45431
44824
46497
51991
43955
44282
46961
47809
43807
44304
46631
46610
46241
43606
46707
48590
43996
44549
47605
47336
45108
45105
47328
47039
44257
44820
46242
46513
43966
44199
50136
47445
44353
46066
47204
48993
44894
44672
46150
47689
44216
43832
46513
46658
44098
46265
47052
45756
45775
44005
46293
48211
43773
43575
46964
46646
44068
44577
46581
46556
43734
43728
46827
46125
44022
43488
47848
46382
43537
46243
46175
46254
44835
43769
45937
46278
44635
44751
46420
46133
44002
43638
45645
46089
45777
43329
45791
48527
43894
44301
50347
46696
44633
44866
46670
48742
44150
44088
46566
46835
44030
43773
48022
46643
43743
46493
46161
46339
44860
43438
45995
46261
43929
44849
46422
46089
44710
43617
46072
47325
43887
43541
47862
46664
44042
45470
49179
46977
44589
44228
46100
48045
43906
44218
46379
46624
43968
44023
46345
46420
45386
43697
46115
48232
43900
43678
47213
46064
45201
47223
47901
46383
43798
43782
46570
47214
44602
44213
47741
47605
43655
45425
45905
46374
45069
45127
46242
47251
43716
44174
46592
46507
44459
43920
46164
46627
46300
45333
47622
49453
43833
44149
47365
46294
44357
45299
47756
47319
44500
43932
46318
46874
44012
44326
48390
46222
44225
46162
46630
46324
44877
43838
46931
46478
43849
45009
46208
47369
44821
43797
47552
46828
45815
44986
46811
50244
44146
43388
46998
47077
44610
44327
46674
47046
44482
44054
46133
46412
44569
45267
48528
46672
44601
46577
45997
46252
44388
43554
46994
46808
43930
44637
46207
46732
43672
43869
47137
46159
44272
43845
48548
49271
43880
46187
46447
46760
44679
43806
46134
46948
44551
45544
46663
46605
44174
44243
46660
47300
46264
43652
48347
50161
43478
44003
46968
46734
44592
44852
46762
53954
52389
45103
46554
46191
44142
43768
48674
46492
44112
46574
46727
47672
45107
44085
46408
49407
44171
44118
46079
46997
44353
44013
46548
46473
45837
43880
45927
48440
43835
43911
47394
46338
43834
44096
45873
46774
43546
43939
46639
46153
43499
46309
48927
46099
43752
45652
46294
46791
44944
44988
48042
47816
43796
45151
46130
46796
43993
44462
46219
46280
46035
43816
46963
48509
44539
44110
47011
47112
43602
43882
46556
47585
43462
43494
46056
46186
43478
43796
48232
46539
44350
45697
46507
46752
44464
43746
46363
46203
44063
44602
46386
46562
43528
43422
46267
47566
43572
44102
50590
46808
43680
45736
46036
47529
46859
43828
45946
47221
43832
44152
48118
48567
44106
44027
46168
47045
46057
43927
46377
49138
44297
43627
47009
46398
45719
44334
45807
46800
43616
43607
46394
45845
43570
43844
48855
46521
44183
46086
46446
46781
44554
43753
45879
47611
43771
44241
46696
46227
44258
43639
46557
46685
45371
44479
45668
43773
48594
44230
47519
46335
43686
45254
46338
43946
45978
43942
46294
46144
44350
43397
49921
47280
44002
46024
45981
45986
44779
43668
45916
46491
43989
44331
46083
46710
43258
44018
46729
46874
45566
43903
46219
43571
49227
44383
47001
46409
45260
43818
45952
43725
47675
44084
45914
43806
46576
44245
47698
44466
46698
46502
45959
44831
46598
46584
44656
44300
47257
46311
44072
43906
46330
46141
44063
44061
49437
49389
44069
43764
46808
48527
46137
44506
47219
47064
43848
43566
47313
46023
43935
43725
46392
46390
44580
45547
45824
46732
44378
43555
48553
47412
44298
43998
46949
47679
44405
43780
45384
46874
43992
43847
45825
48088
43843
44020
46851
45835
45850
44851
46154
46257
43901
43690
47338
46086
44426
43836
46212
47026
44530
45419
46132
46446
43094
43603
48678
47503
44440
43429
45995
47834
44771
43309
47980
46535
44255
44049
46494
48898
44312
43708
46128
47114
46824
52572
50587
46017
43992
43813
46590
46437
47286
43588
47536
46205
43821
45802
47214
45920
44102
45325
48936
47268
43756
43935
47212
46660
43705
43376
47498
46524
43932
43794
47064
48245
44968
43607
46540
46182
46133
44607
46474
46458
44056
43868
45973
46543
45052
44222
46582
49520
44082
43867
47719
48697
43897
43827
46802
46464
46008
44648
46692
46627
44456
43691
46735
45989
44045
43953
46890
46419
43870
45789
46505
46008
43736
44213
48926
51729
43726
43596
46562
46492
44325
43373
46303
46183
44045
46129
46485
48850
44136
44399
46453
46867
45967
46644
46790
46176
44062
43924
46689
52139
45005
50631
53140
43730
46903
45993
47184
44193
47201
43645
50178
47772
44323
44218
46130
47158
44636
44103
46701
45981
43964
44036
46502
44058
48205
44318
46600
45951
45753
44866
46129
46016
44166
43769
45880
46077
44838
43617
46838
46385
43639
45642
46419
46181
44523
43451
48982
47481
43935
43390
47000
47420
44405
44194
48174
46669
44456
44869
47482
48276
44055
44139
46348
46007
45904
44963
46694
47170
44434
44019
47453
46158
45250
43828
48740
46413
44192
43753
46470
48461
43625
43882
46609
46221
46291
44855
48213
46221
44491
43752
47808
46106
43995
43744
46415
46114
44151
46155
46452
46551
43977
43823
48286
47606
43879
43611
47176
46728
45150
43260
46114
46647
44074
43775
46245
48070
43768
43591
46397
46722
45527
44584
46225
46240
45030
43762
47062
47851
44343
44186
47643
46533
44410
45383
46911
46390
43855
44606
48648
46852
44082
44411
47052
46897
45329
44081
46809
47232
44342
44874
47528
49122
43905
43811
46545
46304
46389
44913
50445
48702
44030
43648
46532
46367
44653
43533
46277
46796
44074
46119
46455
46651
44048
43968
48933
47611
44982
43679
46579
46409
44687
43919
47083
46633
44297
44078
46459
50075
43637
44341
48082
45904
46405
44957
47605
46457
44829
44310
46919
50158
51713
43918
46301
46479
43480
43824
46395
48430
44162
43338
46899
46523
45376
44928
45982
46610
44525
44135
47083
46408
43390
43950
45900
46443
44183
45297
46942
46756
43858
46353
49079
47625
43957
43627
46610
46486
44607
43782
46915
46544
43959
43828
46507
49842
43713
44375
47144
46800
45773
44279
48030
46596
44336
43912
47206
45952
43857
43720
46063
46930
43742
45911
46224
46596
43228
44470
48195
47167
43631
43934
46341
47680
44863
43775
46817
46738
43879
43973
46305
48272
43505
43959
46377
46562
46226
46948
46325
46322
44333
43927
46495
46131
45692
44825
47471
46543
43776
46737
48686
47106
44332
43836
48621
48643
43790
44101
45942
45968
43840
43842
50435
46352
44242
43607
46725
48274
44007
44141
46400
46080
45340
44623
46327
46648
44666
43707
48547
46207
44717
44010
46354
49623
45868
44066
47676
48276
44063
44517
46188
46673
46011
44804
47975
47727
44375
44322
48111
46148
43640
44494
46376
47142
44382
46392
46600
46407
43325
43496
47886
47607
44206
44040
46421
47813
45015
43378
45884
46839
44118
44044
47775
48507
44143
44369
46470
46540
45837
44860
46038
46063
44701
43857
47284
46117
44170
44536
47316
47450
43953
46342
46311
46517
45071
43627
47842
47150
43549
44110
46525
46638
44961
43970
51283
47384
52261
48918
46705
48994
44050
44107
46317
46548
46298
44540
47685
46761
44522
44723
46842
47372
44352
43831
46853
48596
43690
46240
46445
46826
43570
43555
49748
47214
44489
44330
46125
46657
43820
43890
46810
46272
43848
44241
46514
48099
45038
44067
46058
48556
45712
44798
47235
46320
44367
43526
46825
46607
44810
44073
46277
46718
43425
43733
46436
47502
44874
43760
45859
47016
46196
44486
46163
47309
43845
43576
47399
46940
43977
44063
46248
46105
44198
45765
46311
47687
44111
44362
48095
47685
43987
43628
48018
46457
47347
44144
46371
46785
44224
44221
47394
48810
45181
43609
46685
47340
49040
46901
46396
46620
44438
43673
47186
46607
43574
43831
46385
46009
43591
46825
46557
46538
44579
44555
48346
47394
43811
43654
47090
45978
44609
43875
46127
46635
43882
43534
46485
48284
43791
44694
47540
47071
45368
44980
46243
47916
44555
44724
47775
46951
45191
43604
47842
46996
43955
45759
47064
47014
44485
43730
48812
46888
43574
43675
46246
46479
44374
43914
46881
45941
44222
43979
46441
47944
44203
43752
46487
46235
45895
46028
48956
46787
44064
44627
47141
46548
44917
45213
46738
47365
44964
44259
47580
48891
45382
43963
47004
47667
45967
45508
47231
47081
43812
44359
48148
47694
43919
44085
46411
47347
44135
45734
47893
45872
44496
44123
48838
46966
43782
43685
46136
46100
45876
46316
50244
47759
44039
43547
46468
48322
44412
43329
46856
46316
45892
44396
46632
46416
44633
44365
46920
47697
43739
43905
46446
47173
46002
44616
47232
47266
44693
44641
47303
48852
43340
43826
46612
46084
43939
44506
45873
46624
43756
43667
49390
47899
44478
44478
46061
46454
45395
46162
46277
47691
43848
43489
46824
46785
45251
46036
46772
46670
46019
43577
46002
46318
43946
43576
47309
48784
44166
43615
46122
46120
43763
44166
46155
47264
43718
43640
51250
46728
44543
44571
45732
47175
44999
45746
46190
46179
43413
44040
46091
46129
43666
44672
46504
46651
44098
43943
48286
46350
43720
43617
47314
46930
45365
45617
46486
46677
43687
44008
45921
49200
43904
44280
46572
47514
46197
43650
45966
46318
43688
44681
47075
47917
44480
43987
46719
46494
43735
44887
46371
46379
43497
44018
48267
47141
43592
43627
46043
46393
45173
45502
45878
46183
43538
44796
46205
46914
44113
44315
46364
46185
46090
43547
46091
46271
43732
44041
46998
48289
43979
43672
47064
46315
44130
47154
46519
47250
44077
44492
47992
47458
44835
45271
47179
46332
45599
47182
46125
46781
44099
44222
46420
46532
43580
44659
54494
51892
46862
44174
45941
46191
44015
43500
47450
48799
44689
43899
46693
45981
44727
43969
46704
47214
44080
43731
48234
46996
43393
44053
46229
48534
44487
45843
46937
47216
43818
43933
46451
46643
44482
43701
49106
47188
44135
43561
48592
46369
43820
44050
48504
49708
44541
45522
45939
46390
44609
43503
46487
47303
44006
43463
46419
46511
45914
44497
45952
46394
43893
43993
49068
48465
43693
43881
46042
46273
43943
44857
47054
45910
44165
43968
48251
47298
44186
44074
45711
46595
45023
45734
46438
46497
44118
43556
46405
47680
44532
43754
46168
46712
46011
43779
47668
46621
45014
44838
47475
48744
43860
43988
46422
47894
44404
44268
47042
46443
43951
43506
48184
46317
44142
44110
45953
46254
44377
46295
46858
46110
43728
44167
46430
46378
44029
44295
46360
46084
46517
43717
46391
46683
44429
43987
47447
48501
43953
44239
48774
47652
43919
44189
46202
47584
43730
46102
49503
46619
43726
43990
47203
46558
44485
45749
46713
46962
43785
43649
46229
46549
43554
44790
46859
48045
43983
44787
48984
48075
44090
44675
45875
46691
45230
46056
45917
46281
43997
43656
45797
47099
44227
44063
46365
46390
45968
44559
45646
46557
43579
43621
47011
47467
43741
43572
46044
46200
44523
44449
46853
46191
44084
43851
47951
46561
43811
43839
46278
46251
45384
45991
47217
46927
43901
44272
47048
47263
46403
46154
46877
46447
45668
44397
46683
47988
43998
44026
47856
48722
44087
44973
46745
46216
44031
45257
45954
46888
43672
43661
48441
46450
44059
44171
46807
46973
44387
46091
45496
46805
44315
43754
45945
46375
43818
44198
46062
46569
45818
43540
46430
46343
43978
43753
46771
48686
44417
43749
46128
46059
43653
43764
47787
49923
43758
44490
48490
49482
43159
44709
45939
46920
45099
46259
46496
48299
44270
44633
47170
47519
44017
44895
46455
47500
46219
44450
48124
47680
44080
44600
46684
46940
44575
45760
46114
46699
44102
43864
46464
47473
44044
43931
46766
46323
46078
43975
47004
46650
43925
44244
51782
48230
43874
44135
46571
46354
43915
44584
46851
46319
43875
44152
49566
46180
43889
43798
47551
47189
44810
46398
46338
46410
44180
44023
45935
48806
44170
43919
47258
46488
45625
43970
46413
47188
43875
43941
49505
48601
44267
44088
46313
46504
43937
45129
46651
47108
44565
44488
48484
46691
43621
44024
45957
46636
45434
45622
46472
46301
44042
43803
45651
46507
43680
44284
46373
46642
46143
44505
45974
45824
44618
46623
51380
49161
43805
43631
46031
46601
44323
43841
46327
47748
48875
47494
54479
50959
43749
43662
46608
46070
44795
45694
46840
47355
44220
44541
47124
47187
43820
44905
45934
46196
44061
44800
48406
45788
44385
45630
46512
46785
44600
45910
45855
46324
44689
44387
46364
47702
44196
43710
46606
46819
45881
44276
46196
46470
43631
43680
46798
48939
44507
43775
48440
47001
44253
44648
45789
46893
43796
43813
48725
46498
44252
44547
46075
47513
44900
45416
46558
46173
43822
43706
46673
47057
43774
43406
46405
46364
45550
44287
45986
46325
44811
44427
47215
48343
44250
44477
46570
46608
44137
44442
46453
46068
44007
43868
48228
46711
44115
44366
46143
46182
44647
45844
46289
47070
45783
45109
46127
46611
43833
44461
47831
48367
46971
44762
45602
46091
43857
43570
46966
47980
44668
43796
46920
48182
44065
43899
46297
51087
43840
43510
48383
47223
44013
44037
51312
49834
44728
45803
47405
46486
44858
44574
47889
46560
43691
49915
46750
46144
43833
44397
48140
46619
44035
43647
46383
46159
45429
46134
46038
46454
43951
44524
48871
49889
44223
44939
47353
46236
45871
43723
47764
46818
44336
44031
47570
48207
43894
44183
45893
46666
43480
44939
46455
47607
43964
44083
48891
46406
44101
44518
45998
46156
44402
46049
46721
47111
44307
43569
46480
47452
43716
44363
45703
47441
46979
44182
46081
46380
43722
43828
46989
48378
44333
44022
46273
46598
43925
44539
46571
46233
44061
43881
47977
46427
43563
44437
46238
46391
44564
45843
47207
46929
44043
43544
46438
46382
43945
44421
46068
46456
45593
43955
49243
48106
44265
44253
48953
48866
44253
44246
46278
45801
44144
44696
46354
47950
44265
44849
49008
46491
44570
44081
45948
45961
44726
45685
47160
47068
43794
44092
46505
47577
44718
44578
46724
45842
43815
44648
47918
46022
44062
43750
46834
46219
44824
46794
46743
47043
44248
44227
47399
48664
43739
44086
45844
46977
45750
43731
46429
46719
43851
43715
46706
50342
44754
44131
47083
47083
43494
45091
46264
46535
43766
44090
48360
46430
43819
44436
46857
46259
44395
45799
47280
46121
44469
44443
46705
47527
44022
43809
46304
47301
45660
44100
49079
48878
44404
44178
47670
48365
44106
43509
46437
46574
44034
45349
46089
46908
45137
44526
49262
46602
44114
44839
47002
46057
44695
45618
46028
46506
44263
44770
45787
48520
43546
44339
46291
46300
46123
44176
46051
46672
44246
43808
46667
48206
44391
44143
46242
43139
48765
43924
46239
44223
48062
43948
47949
44908
47376
45262
46462
44671
46151
45820
47164
44209
47262
43460
46297
43963
46624
47448
45026
47432
47836
46879
50460
46004
43513
44020
47870
46757
44628
45855
47096
46337
43747
43909
46363
43512
48606
43977
46266
45632
46513
43854
46172
43544
47283
44175
47452
44788
48788
46802
44381
44137
46388
46342
45070
43731
46379
48199
43783
43892
46605
45983
44137
44708
47000
46019
45827
43330
46029
45902
44038
44333
49099
46849
44061
46521
47087
46714
44577
44104
46938
46926
44642
44659
48264
47619
44502
44299
46113
45920
44656
44239
47091
47926
44050
44498
47249
46369
44438
44714
46089
46285
45785
44118
46933
46548
43655
44100
46622
48806
45199
46254
46260
46692
43437
43893
46516
47226
43163
44565
48371
46576
43257
45645
48710
46562
43298
43929
47654
48672
44065
43563
46686
46294
43759
44387
46402
45957
45455
43920
47182
46253
43647
43601
46096
47306
45772
43674
46666
47999
44994
43981
46299
46475
44430
47220
46975
46385
46405
43845
46424
46955
44277
44097
46907
46761
43789
45962
46053
46177
44118
43614
46603
47103
43815
43528
48645
47019
44321
43604
46220
47244
45109
43942
46464
49122
44048
43452
46305
46310
44261
44779
46199
46373
46093
43758
46433
47224
43769
43451
46860
46351
44551
45620
46832
46898
44546
43960
46350
46826
44575
44089
48266
46585
44079
44130
47460
46180
44710
44138
46490
48397
44516
43814
47130
45518
43828
44188
46529
46902
45506
43579
47308
46434
44181
43949
46849
46204
45518
46645
47666
45825
44375
43856
48882
47724
44026
44119
48504
46863
43949
43552
46396
46278
44165
43914
47449
48691
44423
43434
46419
46190
44965
44685
46619
48249
46151
44061
46754
46367
44185
44083
46602
46790
44349
44708
47300
48374
45165
43993
46464
46435
43785
44192
46922
46783
46398
44427
47770
47013
69339
75851
47203
46391
44296
45813
48756
46345
43885
43344
46038
47036
44125
44454
48370
46280
44900
43869
46550
46621
44941
44081
46810
48472
44446
44020
46519
46387
44318
44273
46259
46744
46296
43986
47052
48247
43398
44012
46747
46835
44182
45512
46933
45895
44231
43838
47199
47155
43416
43779
47849
46715
43696
43846
46359
46662
44522
43923
47534
48651
44437
43929
46052
46955
44485
44595
46369
45730
46711
45587
46360
48483
43806
43777
48670
46294
46666
45064
46383
46529
44195
43438
46584
46887
44051
43101
48466
46460
44169
44371
46198
46455
43778
44409
47139
49620
44285
43467
46702
46245
44059
44240
46226
47066
45773
43579
48713
45878
43912
43734
46664
46182
44793
43684
46396
48316
44571
44253
46018
47211
44383
44390
46981
46141
45911
43631
46668
46873
43957
43817
47593
51437
48239
52740
52407
47231
44515
44530
47333
47653
44461
44492
48866
46329
43854
43414
46475
48049
45305
43434
46642
48773
44627
44195
46726
47813
43884
47557
46646
45915
47003
44575
47481
47069
44030
44518
49361
46464
43909
46455
46656
46658
44379
45065
47290
47381
44316
44049
51167
53725
50160
43889
46212
45851
44816
43827
46408
48434
43869
43769
46868
46029
44479
44410
46993
46177
46909
44674
46295
46769
44184
44324
47352
46574
45274
45532
48907
47015
44019
43348
46566
47090
44077
44270
48379
47396
43665
44047
46535
46085
43933
43395
47166
48255
44321
43485
48245
46284
44454
44758
46341
46363
46419
43953
46272
46485
43875
43840
46489
46799
45036
43427
46409
48733
44289
44408
47007
46697
44306
45099
47312
47337
45359
44390
46769
46559
44122
44225
47726
46462
44619
46278
47084
46680
43614
43754
46777
47691
44037
44499
48377
46895
43881
43915
46716
48445
44273
44278
46726
48845
44483
43734
46877
46482
43799
44666
48315
46395
46443
43490
47624
46440
44623
43745
47053
46950
44233
45460
46285
46304
43843
43386
46839
47142
43883
43407
48142
46007
43979
44813
46016
47415
43998
44610
47792
47016
43570
44233
45691
46433
44283
43523
47296
46755
43822
46367
46051
46506
43877
44277
46338
46078
47407
43923
47629
47570
43480
44035
46753
46414
43867
43947
47338
48654
43985
44522
45916
47350
43796
43610
50139
50269
43877
44015
46314
47081
44988
44172
47314
46600
44381
45615
46559
47171
44133
44038
46554
46771
44980
46611
48809
46567
43957
44822
45760
46201
48671
44029
46375
46733
44140
45598
46416
47206
44374
45190
46533
47769
46478
44971
46827
46765
43904
44546
48402
48219
44247
43884
46631
48628
43551
43800
46559
48436
43944
44812
48204
47013
43780
44132
46374
46468
44787
43951
46320
46253
44648
46016
46582
47952
44294
44489
47481
47501
46122
44819
46278
47574
44177
44022
47358
47176
43949
43843
47861
49357
43832
44030
45867
47061
44541
44398
47910
46527
44321
43881
46348
46984
47409
44085
46979
46844
44177
45842
48787
48915
44016
43547
47055
48060
46085
45121
47348
48327
43804
44329
47193
46656
44053
44447
46333
48919
44188
43950
46173
46583
44157
43669
48452
47574
44391
44340
45932
46504
44944
43818
47101
46114
43591
45668
45918
46737
43791
43843
46299
46766
43666
45217
48710
46434
44084
43543
46075
46678
44771
43934
45830
46902
44563
46209
47207
47593
43849
44222
47550
47726
46034
45113
46522
46630
44128
44170
46782
50894
45532
43881
46384
48237
43893
43360
47100
46810
44049
45129
54727
54414
45727
43415
46194
47006
45114
44339
46039
46594
44573
46179
46651
46396
44105
43718
46411
47244
45992
44144
46007
47162
45254
43868
46967
46541
44230
44631
46070
48369
44072
44255
46896
46650
43813
45296
48137
46660
43657
44320
49546
47024
45245
44397
46405
46224
44105
45802
48239
61342
62961
43410
46246
47086
45802
45193
47196
46312
44403
43824
47355
46947
43609
44145
46351
49068
44240
43468
46609
46276
43867
43445
48065
52091
42991
43711
45695
46392
45303
43853
46462
47370
43858
45812
45894
46074
43848
44725
46011
46068
43866
46854
48334
46189
43442
44387
46693
46216
44694
43943
48119
47116
43890
45988
46080
46125
44204
43654
46325
48712
45532
44300
46095
47497
44206
43656
47269
46875
44682
43823
46519
48534
43967
44099
46365
46429
44613
46814
47956
46005
43776
43789
46358
46287
44589
44020
45867
46403
43486
45782
46781
45991
44062
43568
46564
47251
45746
43788
46620
47017
43906
44093
46883
46456
44472
43944
45812
48433
44267
44043
47512
47477
45897
44908
48302
46806
44550
43751
46503
48253
44943
43830
46416
48198
43283
45828
46458
46348
43890
44047
46754
47056
46078
45162
47241
46530
43815
43943
47449
47066
43904
44532
47236
48503
43989
43755
46083
46244
43941
43465
48248
47282
44254
44573
47004
46040
46416
44013
47243
46468
44166
45370
45963
47008
44078
43865
46439
46660
43582
44768
50351
46058
43582
44643
45746
46553
45080
43970
45315
47605
44442
46143
46890
46520
43860
44797
47461
46867
45795
43548
46544
46500
44001
43820
47506
46076
44183
43821
46877
48295
43809
43681
46179
46588
44014
44997
48428
47260
44377
43666
46761
48750
44644
43715
46158
46793
43510
46290
48042
45915
44022
43642
45883
46802
45592
43228
45844
46621
44068
43172
47798
45640
44514
43749
47400
49025
44458
43965
46006
47396
43973
44536
50406
46291
43928
45614
47425
46667
44785
43910
46422
46145
43913
47121
46624
47225
44290
44053
46150
46541
47395
44752
47020
46419
44179
44585
48021
46954
44293
43749
45955
48695
43996
44134
46104
46863
44014
43740
48167
47618
44058
44456
46432
47425
44669
46967
48070
46705
44064
45466
47496
46041
44028
43786
46063
46873
44002
45182
48045
47497
43644
44089
46183
46757
44853
43836
46287
46080
43783
45646
46541
46330
44279
43728
46954
51511
49870
43970
46697
46340
43691
43677
47113
46283
43916
43490
46065
49167
43990
44073
46851
46426
43736
45013
48543
46301
44226
43601
46510
46480
44861
43561
45955
46172
44033
45896
46527
46400
43754
43490
47842
51559
51805
49991
52828
46620
44023
44035
47749
48195
43659
44651
46358
48215
43821
44356
46473
46647
43721
46944
48089
47061
44025
44469
46445
48279
44875
44191
46189
47331
44047
45791
45503
47136
44098
43934
46914
47100
45345
44926
46361
46857
44003
44337
47397
46865
43448
43492
46295
43779
48338
46152
44785
43940
46383
44273
48064
44437
47236
44143
47292
45034
46862
43641
46572
46212
43722
45842
46875
44147
48215
46616
44014
44266
47079
44426
48649
43729
46359
43879
46330
45001
46500
43735
47358
46069
44142
45826
46701
45717
44538
43822
46817
47762
46032
43534
46378
47593
43720
43923
49057
46684
44371
44057
46160
48051
44086
44357
48646
47097
44862
45026
48273
46351
44146
43806
46478
46256
45028
44173
47268
46177
43518
47644
47028
46917
44486
43895
46512
49467
46385
43991
46327
46356
44034
43730
47015
46420
44555
43998
46221
48578
44063
43467
47522
46304
44013
45260
47969
46883
44387
44560
46030
46710
44740
44213
46278
46919
44405
45771
46355
46142
43636
44873
46442
46569
46139
44728
46096
46408
43491
43724
47423
46602
45132
43926
47728
48201
44547
43830
45972
47034
44666
43779
47698
48389
44570
44446
46589
47980
45611
44681
46436
46357
44101
46083
46004
47106
44019
44640
47141
46314
44309
45519
48779
46288
43784
43921
46685
46437
44282
43761
46095
46628
45646
45122
46146
46817
43672
45303
46889
47096
45812
44202
45918
46957
43733
44130
47704
45904
43845
43932
46761
49011
44114
43751
48166
46675
44355
45312
48100
46638
43499
44815
46475
46693
44677
44600
46460
48021
44301
45794
45666
46620
44056
43837
46370
47326
45375
44015
46079
46440
43487
44175
47138
46724
43898
43983
45999
43918
49255
46018
44513
43715
46976
47982
45012
43408
48731
46427
44816
46336
47256
46905
44106
44432
46307
46879
46130
43431
46701
46584
44146
45912
45885
47915
44912
43357
46821
47506
43830
43550
46928
46631
43531
43883
48685
46425
44082
44051
46928
48986
43796
44884
49581
46663
44580
44939
46038
46425
44553
43752
47258
46279
46807
43718
47004
46875
43879
43561
46014
47780
44670
43622
46437
46394
43677
44440
46204
46101
43657
43873
46639
46326
45866
43934
46110
45646
44027
45578
47221
46346
44633
44152
46796
48998
44734
44492
46375
46061
43604
44023
48930
46904
43963
43732
46741
49021
45077
42920
48097
46268
44653
45422
46478
46144
44408
44689
46993
46519
46022
43950
46615
46460
43958
45661
47720
46369
44069
44347
46497
51568
44027
43573
45980
46492
43918
44022
48600
45997
44272
44103
47212
48159
44631
54040
51813
49012
44165
44935
46317
46140
44574
43816
46594
47285
46026
43968
46733
46299
44216
46121
47042
46614
44683
43421
46912
46846
43872
44624
48970
46089
43809
43454
48872
46211
43772
44790
46085
48329
44680
43946
47750
46911
44161
44513
46153
46692
43519
43697
46220
46263
45428
43558
47995
48099
43902
43533
46642
48325
45302
43866
45899
46551
44438
44364
46574
46604
44502
43733
46706
47036
45746
44315
47881
47855
44886
46000
47152
46357
43913
43865
47143
46877
44582
44286
47580
46963
44132
44302
49924
46666
44043
43397
46810
48379
44688
43770
46478
46852
44686
44602
46074
46232
44861
43663
46662
46614
46539
45020
47974
46959
44299
46408
47738
46305
44165
44481
47594
48168
43822
44380
45920
46884
43908
43955
48232
46746
44733
43973
48896
49293
45456
43735
46994
47405
44059
45184
47447
46579
44224
44115
46670
47347
46105
43814
46515
46270
44023
45453
47644
47131
45161
43547
46230
47009
43906
43596
46107
46380
43861
43640
48726
46062
43898
44531
45671
48053
43758
43627
47324
47427
44864
44535
46332
46220
44980
43659
46230
46348
45810
44400
46737
46612
44425
44980
46938
48504
45049
44219
46055
46245
44073
49329
47968
48062
44075
44074
46420
45841
45745
43646
47788
43749
49326
43422
47048
43939
46626
43748
48009
43586
46335
44400
46193
44755
46023
43555
Average throughput: 43104.563049 op/s latency: 45.847100 usec
Done!
