Run the test of 10000 requests
29583456 blocks in total, max key is 887503681
Cache built. 3 layers 993 entries in total.
thread 0 op_count 10000
58794
31744
29572
31063
31483
30249
31912
29219
31723
31511
29785
31082
31502
29633
31026
30775
31721
31496
29767
30979
32892
29301
31089
31051
29717
32239
31862
30004
31271
29587
31264
30799
29390
30965
31306
29269
31496
31000
29587
31509
30805
29493
31224
29468
36884
33632
29451
31695
32330
29403
33188
29168
32706
32152
31471
32782
32893
29746
32496
29263
32279
32341
29708
32441
32186
30044
32367
29529
33751
32437
29526
32011
31409
29809
32159
29454
32550
32349
29329
32181
32820
29213
38540
29615
32298
32064
29629
32159
32398
29286
32239
29738
33932
32320
29299
32290
32271
29724
35923
34853
32655
32847
29608
32122
32311
30046
32201
29675
33285
34569
30088
32504
32946
29509
32192
29640
33736
32473
31452
32293
32891
29702
31866
29534
32389
32244
29942
32335
32280
29829
32238
29736
32299
32972
29871
32261
32277
29759
32687
29632
34064
32392
29882
32107
37594
29629
32821
29171
32679
32505
34439
33245
32735
29393
32598
29456
32456
32259
29839
32888
32220
29769
32293
29319
33778
32049
30117
32058
32412
29488
32092
29458
32382
34277
29575
31476
33045
30507
31960
29493
32325
32430
31228
32493
32390
29438
32371
29321
33375
31513
29969
32234
32649
30017
31876
28691
32878
32522
29418
32116
32362
29806
32262
29479
32670
32679
29648
32096
33217
29251
32985
29605
33664
32257
30282
32263
32921
29385
32265
29673
32577
32786
29884
32362
32220
29399
32069
30170
38251
32393
29457
32075
32764
29875
31971
29765
34081
34353
29382
32108
33194
29792
32433
29748
32910
36200
31599
32868
32419
29748
32145
29660
32657
32119
29940
32409
32436
29504
32321
29520
33717
32991
29716
32528
31853
29836
32741
29995
32324
32260
29277
32290
33032
29737
32397
32164
32838
32072
29468
32395
32580
29817
32715
30341
33697
32196
29582
32322
32709
29423
32023
30011
32504
32989
29804
32013
31819
32152
32348
29628
32585
34031
29878
32208
32836
29639
31869
29795
34012
32202
31464
32639
32273
29794
32406
29549
32726
32408
29691
32007
32422
29416
32228
29195
31951
32334
29546
32288
32177
29704
32144
30168
33819
32313
29363
32167
32990
29609
32932
30007
32688
31895
29920
32103
32499
29769
36663
29812
32449
32025
29748
32130
32466
30132
31835
29311
33833
32478
29621
32095
32275
29604
32371
29705
32229
34445
29363
32434
34958
29966
32119
29591
32209
32347
31244
32574
31964
29872
32070
29410
33153
34448
32244
31951
32397
29411
31850
29637
32209
32462
33307
32500
32136
30144
32724
29709
32510
32150
29641
32568
33120
33804
33269
30099
33759
32560
29474
32576
31776
29777
32152
29774
32206
32031
29739
32871
32559
29649
31919
29437
32736
32604
29072
32107
31989
29458
32677
29738
33727
34562
29739
32072
33199
29730
32764
29486
32260
32000
31555
32282
32282
29585
32214
29781
32426
32509
29846
37238
32660
29968
32375
29459
33504
32474
29337
32623
32149
29858
32660
29452
32315
32495
29778
32178
33277
29772
32803
29451
33110
32861
29472
32570
32352
29856
32354
29742
33728
32349
29438
32524
32297
29370
32328
28889
32580
32287
29513
32802
32366
29361
32341
29956
32290
33942
29757
32422
35145
29375
32212
29454
33858
32348
31210
32277
32354
29353
31916
29704
32386
32147
30257
32322
32243
29570
32431
29181
32562
32856
34449
32255
32361
30301
32339
29647
33785
32481
31043
32871
33282
29711
32369
29485
32874
32168
29831
32055
32233
29505
32629
29742
32810
32562
29637
32633
31572
29629
31987
29705
38156
32806
29622
32045
33174
29755
32511
29432
32825
34127
29730
32656
33075
29708
32369
29520
32306
32244
31539
32558
32960
29274
32702
29194
33432
32827
29693
32547
32384
29477
32702
29597
32198
32411
29430
32671
32229
30179
32703
29589
32771
32156
29278
32680
33221
29815
32394
29911
33961
31710
29615
31991
31844
29647
32262
29450
32411
32193
29927
31988
32149
29622
32249
29385
32299
32272
30197
32259
32157
29974
32205
29592
34894
34578
29511
32171
33727
29528
32230
29746
32732
32042
31335
32432
32395
29868
32286
29570
32319
32220
29952
31860
32257
29608
32353
29469
33513
32630
29359
32165
36626
29731
32138
29852
32931
32658
29833
32570
32935
29343
32633
31412
35434
32554
29791
32422
31981
29111
33481
29722
32250
32606
29449
32354
32876
29653
32273
29476
32788
32160
29607
32493
37258
35259
32598
29887
32469
34459
29486
32429
33700
29491
33288
29696
32219
32418
31484
32459
32483
29853
32603
29282
32801
32183
29589
32500
32500
30401
32138
29651
32213
32568
29872
32298
31897
30038
33871
30061
32549
32430
29245
32466
33488
30192
32339
29041
32792
31890
29750
31576
32233
29873
32174
31996
32216
32655
29385
32044
32134
29419
33790
29517
32136
32368
29669
32114
32544
29835
32273
29444
36822
33804
29515
32363
32936
30031
32229
29484
32211
32242
31351
32443
32756
29959
33415
29913
32709
32461
29465
32494
32341
29904
32341
30030
32485
32158
30338
33231
31825
29862
32650
29788
32846
32520
29988
31716
33430
29901
34120
29515
32342
32403
30197
32189
31949
30325
32114
29802
32126
32397
29518
32789
32509
29499
32490
29300
33399
32241
29924
32087
31856
29354
33406
29538
32226
34198
29571
32177
33999
30034
32254
29668
32067
32655
31550
32761
32441
30081
32175
29540
32253
32372
29920
32425
32709
29341
33389
29301
32589
32324
29839
32622
32147
29739
32000
29736
32292
32033
29597
32074
38047
29502
32502
30317
32765
32310
29398
32273
32303
29369
33711
29987
32440
32199
30084
32082
32214
29573
32315
29503
31882
32539
29684
32469
32501
29583
32663
29402
32427
36845
29762
32258
32857
29932
33873
29607
32563
32268
31942
32433
32472
29526
32347
29291
32438
32118
29426
32304
32275
29665
31957
29659
32158
33118
31810
34431
32727
29509
33791
29664
32314
32625
29536
32312
33452
29647
32926
30225
32294
32183
29291
31454
32272
30163
32357
29601
32748
32241
29419
32228
32834
29429
33600
29785
31969
32447
29501
31690
32233
29547
32059
29952
32595
34317
29421
32433
33175
29580
32729
29753
32151
36671
31696
32324
32231
29646
33469
29264
32161
31809
29792
32178
32345
30142
32544
29728
32691
32258
29985
32309
32316
30319
32261
29556
36115
37102
29684
32669
33241
29790
33788
29973
32637
32421
29993
32375
32110
29686
32800
29378
32245
32140
29680
32015
32384
29574
32043
29721
32597
32246
30007
32142
32048
29793
33325
29711
32607
34074
29329
32386
35043
29696
32298
29609
31879
32226
31472
32310
32651
29825
32350
29263
32647
32344
29886
32700
32613
29356
33933
29347
32462
31928
29737
32179
32064
29904
32775
29619
32208
32040
29657
32349
33522
29671
32704
29730
32297
31957
29716
32070
32418
29467
38023
29397
32497
33037
29321
32255
32553
29550
31981
29412
32375
32139
29633
31908
32302
29394
32291
29697
32214
34140
29711
32109
33012
29501
33115
29117
32683
32329
32009
32423
32395
29319
32407
29801
32287
32366
29942
32733
32231
29834
32034
29891
31984
35410
32174
32230
32357
29492
33783
29493
32932
32476
29419
32221
33075
29964
31954
29365
32368
32087
29548
32048
32313
29306
32183
30121
32473
32446
29949
32351
31999
29716
33088
29605
32038
32471
29671
32333
32579
29699
32030
29699
31747
34497
30079
32021
32980
29889
32336
29554
32228
32765
31138
32367
32620
29408
33820
30031
32424
32518
29772
38655
32615
29284
32166
29737
32551
32333
29660
32509
31988
29848
32434
29714
32219
31964
29632
32165
33004
30012
33849
29706
32711
32475
29988
32188
32554
29997
32160
29696
32893
32009
29442
31845
32098
29486
32240
29596
32651
32398
29466
32168
32483
29816
33610
29753
31918
34099
29638
32357
33183
29508
32623
29661
31953
32550
32115
32495
31977
30072
32494
30006
31569
32173
29621
32100
32513
29770
33547
29490
32014
32384
29350
32261
32482
29519
33035
29762
32567
31847
30083
32796
33243
29670
32087
29719
31933
32223
29553
31950
32292
29628
33274
29729
32627
32846
29468
32176
32192
29361
32351
29175
36678
32739
29462
32696
31934
29583
32249
29818
32626
34378
29613
33482
36597
34732
32869
29694
32245
32241
31761
32181
33178
29608
31838
29538
31780
33334
29694
32163
32049
29732
32167
29578
32136
32335
29677
32186
32243
29193
33721
29624
32285
31801
29545
32563
33029
29631
32488
29434
32120
31162
29297
32065
32587
32154
32402
29766
32597
32288
29529
32086
32497
29574
33619
29549
32558
32379
30012
32684
32339
30009
32037
29729
32271
34188
29989
32252
32898
29665
32253
29577
32442
32745
31700
32810
31882
29603
33717
30191
32327
32820
31365
33038
32475
29719
32435
29446
32065
32141
29637
36189
32377
29837
32082
29812
32098
32342
29407
32512
34107
29861
32384
30133
32158
32285
29580
32537
31821
29974
32183
29712
32964
32119
29887
32296
32501
29653
35430
34130
32726
31992
29301
32618
33449
30037
32081
29837
32086
33817
29773
32580
33303
29118
32725
29223
32603
31804
31512
32549
32415
29863
32465
30423
32307
32313
29574
32529
34294
30217
32669
29556
32418
32170
29389
32172
32378
29609
32514
29763
32610
32127
29361
32530
39559
29986
32590
29703
32616
32351
29472
32681
33421
29562
32760
29413
32843
33052
29671
31956
32004
29557
32661
29776
32631
32489
29714
32132
31957
29251
32719
29419
37122
34439
29480
32735
34264
29289
32297
29651
32193
31920
31679
32374
32938
29503
32732
29713
31748
32176
30199
32370
32393
30007
32408
29446
32290
32267
29916
32105
33782
29754
32410
29874
32218
32661
29919
32428
33492
29160
32387
30234
32058
32356
29480
31844
32198
30248
31980
29580
32175
32221
29695
32092
33306
29882
32603
29012
32020
32753
29128
32159
31807
29455
31543
29663
32301
34247
29628
32729
35316
29637
32076
30138
34331
32156
31301
31984
33332
29820
32067
29672
32043
32835
29810
32106
32678
29762
32670
29620
32626
31893
29995
32053
32375
29960
32344
29485
32370
33441
29677
32391
38514
29876
32627
35981
35181
31994
29412
31714
32271
29663
32476
29657
32566
31930
30002
32140
32916
29271
32188
29584
32748
32529
29501
32925
33943
29996
31788
29118
32453
34337
29328
32096
33215
29957
32998
29682
32367
32514
31206
33104
32418
29568
32355
29335
32481
32209
29666
34435
33670
29857
32216
29616
32217
31920
29722
32090
32305
29863
32437
30028
32387
32158
29546
32554
33037
29751
32713
29811
32337
33015
29880
31959
33940
29334
32186
29805
32413
32619
29756
32178
31823
29853
31860
29572
33010
32492
29647
32123
32496
29391
32150
29549
31569
34639
29681
32369
34368
29785
32515
30237
34017
37189
31243
32795
32694
29647
31820
29152
32256
32167
29977
32126
32027
29621
32148
29465
32250
32050
32590
32072
33254
29828
32225
29492
32367
32661
29283
32208
32971
29402
32945
29452
32392
32700
29324
31815
32202
29418
32208
29878
32406
31999
29764
32208
33587
29892
32570
29280
32298
32556
29900
32243
32262
29594
32128
29772
32753
34703
29413
31900
33127
29682
32320
29661
32172
32192
31268
32723
33690
30010
32318
29575
32232
32255
29498
32149
32346
29962
32564
29533
32228
32085
29632
32402
32198
29620
32363
29729
32690
32021
29976
32590
34190
31708
32318
29564
32232
32386
29596
32063
32407
29714
35570
29921
32265
32177
29681
31717
32338
30513
32376
30163
32710
32501
29833
32634
33709
29931
32424
29574
32124
34369
29760
32135
33053
31588
32965
29693
33019
32134
31676
32682
32965
29409
32161
29610
32354
32277
29949
32507
33034
30419
32187
29726
32099
32489
29895
31976
32227
29939
32258
29700
32244
32120
30181
32181
32964
29928
32323
29776
31950
32167
29490
33313
33384
29406
32058
29572
32193
32291
29182
32151
32132
29350
32132
29723
32395
32965
29797
31913
32266
29476
31898
29278
32204
33834
29245
32131
34401
30012
32467
29376
32615
31919
31409
37528
37698
29964
32249
29578
32200
32353
29587
34763
32494
30335
32267
29573
32291
31807
29935
31934
33682
29552
32205
29368
32323
32195
29731
32217
32320
29940
32512
29861
32637
32431
29661
32167
32736
29544
31780
29480
32829
32433
29654
32311
33284
30491
32286
29142
32177
33278
29459
31690
32338
29373
31898
29977
32713
34051
29719
32681
37454
29313
32317
29559
32212
32602
31447
32626
34120
29906
32017
29683
32077
32883
29291
32121
32315
30106
32431
29454
32394
32261
29348
32214
32143
30050
32832
29276
32616
31779
29715
32151
34438
29477
32462
29581
32170
32333
29808
32178
32511
29281
40172
29536
32785
32114
29720
32090
32524
29345
32842
29612
34349
32483
29705
31968
33280
31544
32249
29696
32181
34452
29625
32702
33238
29679
32114
29562
32274
32186
31788
32187
32879
29925
32173
29716
32239
32334
29990
32265
33805
29797
32280
29454
32293
32054
29785
32451
32335
29911
32882
30281
32526
32391
30271
32528
32613
29623
32724
29795
32107
31811
29471
32187
33148
29394
32449
29572
32418
32359
29967
32495
32434
30156
32286
29740
32536
32455
29440
32083
33829
30397
32454
29701
33236
34576
29919
33875
35248
29713
33346
29157
32186
32408
31265
32546
32473
29609
32632
29264
32553
31897
29918
32410
32459
29585
32756
29350
32119
32020
29545
35952
32271
29922
32310
29614
32140
31747
29535
32364
33072
30061
32750
29783
32146
32404
29636
32048
32232
29398
32202
29634
32488
32686
29791
33146
32667
29476
31801
29161
32699
32218
29480
32075
32384
29387
32257
29606
32180
34062
29642
32464
33383
29852
32213
29193
32402
32527
31676
34028
32782
29462
32257
28815
32214
32353
29284
32235
32338
29835
31998
29467
32140
31765
29493
31881
32214
29847
32594
29136
32128
32098
30248
33821
33003
29732
32731
29552
32428
32049
29036
31820
32468
29565
36220
32176
35697
31891
29826
32164
32349
29535
32075
29960
32731
32156
29761
33727
31474
31696
32956
29636
34627
34261
29580
32390
32824
29782
32382
29503
32364
32218
31615
32088
32358
29701
32410
29626
31569
32378
29458
33265
33372
34898
32231
29677
32279
32297
29912
32106
32074
29809
31954
29702
32278
32288
30122
32079
32864
29763
32511
29444
32177
32210
29451
33822
32461
29783
32283
29844
32418
32252
29511
32634
32302
29488
32267
28801
32499
32021
29596
32040
31709
29412
32362
29696
32107
34386
29650
33538
32933
29548
32654
29755
32231
32354
31661
32555
33220
29582
32413
29760
31965
32666
29761
32654
32357
29457
32196
29547
32597
31907
29419
33366
32632
29532
34753
29714
32281
32688
29686
31681
35250
29928
32539
29712
32270
32276
29728
32700
32246
29825
31959
29694
32674
31892
30320
33759
32400
29882
31810
29121
32599
32000
29718
32825
33018
29586
32079
29285
32125
34337
29517
32182
32916
30109
32193
29002
32081
32587
31549
34089
32500
29826
32229
29707
32161
32100
30095
32078
31931
30033
32614
29436
32420
31914
29882
32012
32294
29530
32462
29730
32765
32031
29805
33716
33721
29808
32751
32340
32284
31863
29873
32054
32089
29103
32114
29734
32270
32289
29408
32149
32438
29652
32335
29842
32173
32266
29687
33340
32665
29703
32695
30217
32118
34451
29551
32298
33308
29450
32155
30208
32078
33861
31801
32441
32081
29361
32150
29569
32383
32384
30327
33223
33094
29601
32210
29341
31494
32227
29457
32489
32906
30043
32962
28910
31771
32251
29907
32250
33175
29815
32789
29572
32615
32329
30000
33108
32421
29867
32331
29696
34558
32323
29691
32443
32072
29821
32802
29722
34064
32343
29613
32226
32182
29401
32346
29296
32478
33801
29387
34225
33497
29657
32076
29932
32804
32292
31439
32271
32194
29875
32738
29570
32220
31824
30919
36441
33903
30001
31999
29892
32086
32404
29825
33470
32049
29902
32878
29213
32079
32840
29470
32080
33152
29428
32573
29553
32388
31808
29613
33353
32125
29985
34440
29799
32305
32164
29639
33552
32377
29624
32096
29534
40313
34952
29830
31973
32685
29724
32190
29723
32148
34901
29677
32045
32960
29632
32122
29877
32106
32463
31184
33613
32252
29688
32058
29276
32612
32917
29992
32520
32561
29727
32370
29649
31471
32289
29473
32073
32730
29580
32328
29505
32233
31963
29762
33425
33070
29744
32306
29465
32225
32193
29418
32135
32523
29279
32106
30185
31866
32151
29718
32553
32368
31347
32203
29422
32719
32491
29645
33567
32559
29913
32271
29554
32208
35375
29523
32367
34917
29517
32091
29320
32187
32077
31261
32699
32267
29424
32328
30081
32368
32091
29774
35628
32540
29815
31846
29397
32294
32851
29396
32174
32610
29854
32419
29916
32731
32743
29414
32393
33409
30144
32509
29560
32164
32646
29559
32863
32308
29883
32193
29678
32609
32362
29722
32407
32358
29350
32319
29444
32721
32790
29598
32086
32207
29598
32716
29588
31915
34183
30262
33692
32567
30239
32193
29703
34713
31947
31225
32159
32806
29603
32008
29296
32344
32297
29533
31699
32020
30197
32570
29190
32243
31944
29692
34010
32336
29875
32147
29647
32152
32085
29627
32416
33179
29442
32614
29683
32147
31869
29355
31992
32430
29911
31840
29133
32034
32573
30223
34045
32225
29691
32312
29609
34409
32544
29693
32399
32078
29645
32542
29929
32439
34408
29771
32203
32868
29723
32182
28956
32413
32462
31652
33764
32177
29651
31860
32191
32492
32656
29819
32048
32882
29913
32238
29717
32584
32492
29453
32011
32122
29510
32717
29717
32336
32337
30252
33964
33199
29691
32217
30866
33210
31766
29692
32093
32466
29626
32160
29465
32381
32180
30322
32305
31770
29875
36044
34794
32298
33752
29925
31684
32501
29458
32304
29613
32297
34020
29831
32451
32944
30234
32652
29884
32174
32335
31615
32267
32238
29246
31896
30139
32091
33350
29090
32549
32067
29652
31671
29503
32120
33018
29443
34384
32241
29541
32544
29130
31941
32565
29452
32232
32741
30021
32592
29575
32768
33262
29686
32324
32550
29616
32636
28879
32551
32398
29729
32112
32343
29516
32645
29229
32541
32299
28629
32299
31543
29880
32038
30245
32401
35899
30111
32138
33027
29015
32443
29178
32077
31864
31646
32717
32153
29557
32738
30026
32186
32109
29418
32280
32197
29694
32367
29833
32006
33856
29358
31754
32118
29856
32074
31573
31865
31865
29234
32857
33086
29696
32405
29423
32159
31594
29528
31823
32638
29428
32143
29816
32268
33602
29667
32156
32181
29438
31679
29489
32482
32442
29958
32838
32253
29558
32619
29770
34969
34513
29907
31752
32878
29890
32271
29516
31857
33411
31096
32403
32582
29776
32152
29688
32669
32433
29855
32277
32281
29167
32911
29785
32519
32034
29249
32063
31680
29709
32321
29406
32198
33457
29288
32136
33040
29958
32721
29597
31832
32063
31948
32215
32095
29664
33527
30625
32559
32487
29497
32040
31953
29772
32289
28978
32722
33612
29407
32552
32704
29923
32288
29835
32183
34132
29660
32363
32531
29544
32351
29766
32040
32005
31398
31940
32441
29585
32526
29873
32558
33191
29345
31985
32120
29788
31816
29240
32101
32143
30132
18446744072709583796
31912
29766
32051
29479
32344
31917
30055
32478
35368
30266
32880
29506
32251
33414
29493
32065
32468
29642
31740
29433
32979
32326
29402
32254
32362
30307
32250
29586
32653
32500
29972
32559
32135
29634
32698
29930
32069
35688
30823
36113
33217
29637
32163
29238
32127
31975
31735
32497
32248
29350
32173
29110
32303
32362
29309
32399
33163
29797
32151
29240
32244
33441
29522
36315
37352
30441
32793
29605
32232
32406
29842
31685
32975
29887
32288
29697
32089
32268
29424
46923
32761
29554
32222
29822
32258
33207
29720
32184
31900
29801
31932
29686
32682
32432
29814
32284
32111
29483
32257
30015
32150
33943
29802
32426
35896
29818
32246
29435
31745
36433
31367
32436
32554
29388
32347
29577
32044
31662
29624
31941
32647
29381
32057
29421
32290
32356
29543
32181
32028
29708
32632
29617
32190
33267
29477
31869
32660
30071
32511
29444
33011
32323
29554
31616
32502
29592
32354
29768
32619
31763
28783
32189
31786
29374
31730
29099
32274
34115
29671
35105
37276
29375
32267
29595
32537
34687
29348
32253
32984
29280
31886
29519
32225
32360
31723
32329
32631
29618
32337
29448
32299
33406
29663
32516
31988
29776
32005
29261
32116
31824
28943
32001
32409
29972
32428
29386
32554
31831
29674
31452
32786
29388
32624
29806
32223
36649
29917
32329
32264
29750
34569
29695
32150
32131
29540
32105
32102
29538
31786
28869
32460
33289
29640
32430
31615
29595
32291
30236
32299
37789
29593
32553
32754
29917
32384
29412
31927
32689
31133
32261
32426
29298
32102
29654
32182
32335
29360
32122
32526
29714
32719
29875
32537
33753
29777
32279
32656
30104
32603
29896
32181
32172
29864
32263
33040
29537
32537
29474
32902
32294
29976
31886
32669
29489
31849
29468
32447
34052
29622
32318
32177
29520
32540
29965
32740
32520
29497
31918
31558
29452
32843
28957
32111
34079
29558
32237
33139
29784
34177
29847
32163
33402
31193
32444
33224
29546
32596
29470
32431
32099
29425
33950
32599
29627
32174
30051
32268
31905
29967
32585
32019
29909
32452
29362
33216
33156
29793
31982
32964
29898
33483
29363
32417
31855
30181
31956
32352
29432
32058
29731
32030
32181
29213
31689
32216
29412
32276
29417
31768
33907
30153
32007
32365
29433
37887
32428
35058
34254
29592
31698
33069
30341
31989
29247
32201
32112
31265
32174
32555
29469
32289
29236
32053
35941
28983
32352
32477
29367
32549
29239
31866
32269
29598
32118
31907
29906
32230
29655
32313
31788
29817
32093
33156
30290
32676
29671
32332
33191
30175
32138
32020
29611
31586
29844
32205
31962
29741
31965
32264
29515
31830
29392
34642
32986
29627
32034
32072
29635
31980
29485
32306
35988
29689
32031
32788
29531
32647
29456
32363
32193
31348
32187
32623
29675
31706
29898
32922
32206
29651
32053
32515
29964
32497
29602
33340
34488
29463
31857
32239
29666
32013
29541
32052
32364
29343
34514
33549
29606
32425
29450
32238
32214
30068
32069
32433
29889
32266
29399
33596
32575
29517
32192
32353
29879
32247
29792
33211
32379
29509
32520
32205
29934
32052
29887
32049
33954
29743
32264
32628
30081
32067
29601
33530
31987
31465
32974
32218
29485
32230
29591
32245
32190
29368
32331
32310
29786
32626
29685
32348
32325
30104
33955
32253
30112
32478
29617
33472
32397
30231
32589
32859
30197
32391
29429
32444
32583
29996
32107
32269
29494
32282
29904
32362
32328
30028
32070
32119
29516
31801
29697
34042
32734
29980
32234
32484
29481
31534
29837
32146
33994
29800
32379
32856
29376
31773
29042
32619
32160
31503
33054
31860
36137
32157
30010
33968
32190
29536
32191
32315
30001
31969
29683
32193
32335
29973
32067
33169
30085
32386
29626
32340
32606
29809
32563
33319
29417
32692
29559
33799
32367
29447
32192
32234
30009
32165
29525
32360
32196
29651
32333
31909
29755
32611
29519
32250
32090
29413
32007
32205
29780
32287
29607
35746
34391
29596
32668
34983
29940
32213
29153
32234
32562
31884
33190
32368
29564
32296
29568
32320
32198
29616
32326
32780
29652
32065
29527
33359
32399
29450
32287
32076
30050
32116
29191
32051
31781
34388
36163
35982
29478
32860
29643
32047
32489
30023
32278
32199
29459
32092
29753
33349
31871
29585
32359
32138
29647
32061
29882
32400
32659
30294
32204
31863
29612
32256
29288
32279
33964
29792
32292
32893
29420
32144
29638
33879
32393
31339
32202
32136
29553
32185
29876
32120
32188
29608
31812
32936
29494
32192
29123
32173
32211
29553
32110
31732
29497
34839
29787
33606
32422
29603
31973
35020
29875
31865
29843
32704
32504
29515
32206
32283
29392
32367
29718
32256
32105
29729
32201
32365
29954
32138
29725
35110
32326
29641
32288
32233
29768
31858
29124
32150
34340
29706
32508
32715
29115
32265
29494
32223
32103
31363
32338
32449
29893
32080
29445
33356
32144
29711
32516
32507
29743
32178
30092
32207
32746
29800
31983
32281
29892
32118
29542
31851
32650
29456
32590
33202
29665
32354
29612
33792
32524
29679
32295
32552
30085
32187
29766
32893
32276
29174
31678
32812
29331
32242
29639
32457
32822
29047
32353
31992
29664
32211
32373
33402
33762
29751
32187
32852
29870
32625
29650
32769
34068
31377
32436
32388
29923
32561
29453
32330
32166
29860
32072
32691
29569
32691
29615
34015
31943
29597
32296
32291
29660
32824
29695
32146
33032
29503
32542
33166
29142
33072
29922
32584
32274
29549
31983
32485
29525
31383
29765
33729
31730
29583
32700
32026
30259
32279
29671
32158
32311
29601
32244
31743
29280
32045
29939
32138
34426
29690
32157
33284
29658
32517
29274
33239
32403
31652
32681
32483
29664
32117
29541
32355
32968
29371
32411
32192
29772
32349
29412
32060
32423
29384
32823
32178
29863
32575
29564
33257
32365
29605
32223
37137
29561
32528
29780
32285
32051
29697
32126
32379
29826
33669
29342
32411
31863
29633
31984
31911
29215
32339
30155
33798
32370
29551
31888
31912
29375
32124
29799
32030
33809
29656
32828
33342
29795
32294
36730
35966
32125
31519
32253
32384
29442
32975
29176
33538
32411
29490
32393
32664
29715
32569
29704
32188
34308
29961
32077
32191
29638
32844
29726
32377
32544
29281
32196
32973
29522
32416
29962
33207
32389
29679
32467
32272
29951
32000
29852
32843
32482
29181
31987
32577
29925
32128
29466
32238
32455
29849
31964
32545
29785
32272
29628
33489
34180
29615
32224
33227
29390
32470
29251
32101
32161
31715
32729
32290
29913
32170
29703
32267
32052
29583
33888
32459
30185
32680
29201
32943
32374
29381
32046
32169
29598
32254
29516
32341
32759
29525
32289
33380
30228
32502
30027
32557
32220
30222
32199
32742
29404
32208
29880
33860
32345
29748
32050
32291
29508
32649
30050
32180
32515
29421
31739
31495
29391
31871
29588
32286
33696
29381
32446
33334
29335
32131
29780
33844
32176
31401
32107
32330
29412
32001
29584
32373
32486
29706
32160
32077
29724
32472
31492
37081
32417
29297
31876
32227
29474
32675
30138
33819
32466
33034
32272
32884
30156
32507
29668
32205
32265
29594
31771
32820
29378
32922
29260
32408
32138
29642
32098
32271
29041
32386
29178
35474
32390
30613
32571
32480
29323
32427
29798
32602
33742
30242
32259
35297
29745
32215
29598
32432
32292
31415
32636
31901
29736
33397
29210
32174
33058
29672
33208
32513
29546
31874
29637
32296
32644
29122
32619
32283
30104
31810
30059
32111
32275
29906
32135
32739
29718
33571
30388
32088
32029
29776
32595
31946
30002
32086
30059
32939
32333
29927
32562
32098
29620
32255
29480
32254
32362
29117
32352
32451
29521
32983
29586
31744
33841
29704
32298
33036
29086
32491
29475
32102
31797
31764
32066
33016
29322
32126
29312
32134
32393
29704
32268
35683
29797
33423
29298
31965
32296
29348
33523
31920
29629
32028
29723
32067
32399
29670
31826
33223
29653
32262
29517
32657
31913
29431
37296
36775
29715
33397
32341
32091
32165
29654
31895
31372
29548
32061
29686
32331
33180
30162
32119
32267
29360
31979
29634
32335
34083
29765
32057
33326
29536
33615
29480
32290
32066
31594
32775
32457
29819
32142
29585
32539
31930
29640
32038
32425
29597
32172
29537
32204
32206
29371
32179
31384
29624
33371
29762
32140
32512
29673
32075
33182
29928
32374
29437
32296
32965
29936
32387
32715
29686
32553
29811
32375
32110
28909
31956
32493
29795
33416
29643
32502
32780
29502
31811
32428
29330
32301
29577
33904
34215
29613
32071
32880
29594
32058
29568
32294
31540
31143
32454
32395
29547
32783
29532
32554
32179
30718
32455
32462
29392
32280
30082
32238
31987
30236
32208
32337
29790
32634
29421
32293
31831
29894
32358
32913
29660
33498
29342
32462
32135
29324
32582
32417
29443
32254
29723
32795
32608
30222
32276
32149
29311
32239
29523
32147
32583
29722
32221
31780
29256
33132
29503
32439
35205
29103
32343
33009
29417
32166
29696
32779
32198
31919
32698
32635
29868
32242
29019
31985
32051
29384
32194
32403
29863
33370
29616
31801
32009
29748
31943
32717
29806
32712
29846
32307
32813
29592
32190
34953
29638
32714
30014
32232
32254
29498
32049
32084
29737
33445
30123
32775
32110
28997
32089
32355
29647
31897
29670
32400
32865
29954
32505
31760
29465
32176
29694
32234
33678
29628
32746
32918
29651
33527
29725
32044
32377
31589
32818
32799
29265
31792
29540
34578
32256
29964
32482
32223
29469
32344
30280
32260
31985
29698
32042
32301
29542
33834
30109
32487
31771
29705
32199
33065
29622
32484
29931
32167
32314
29863
32096
32319
29391
32882
29638
32288
31842
29710
32272
32575
29483
33566
29527
32438
32724
29832
32640
32134
29332
32098
29536
32077
34391
29661
32038
33143
29501
32291
29235
32033
34021
31069
32103
32633
29564
33333
30621
35214
34582
29424
32022
35124
29415
32204
29632
32174
32138
29823
32134
31977
30264
32437
29699
31647
32337
29824
32219
32216
30009
33776
28837
32152
32861
29817
32255
32064
29714
32450
29644
32708
32065
29742
32270
32650
29497
32336
29412
32156
32493
29436
32093
32088
30253
34229
29534
32288
34022
30201
32274
32971
29867
32052
29424
32370
32128
31444
31987
32424
29991
31761
29866
32132
32366
29441
31734
32289
29681
33447
29499
32160
32345
29580
32090
32353
30311
32707
29697
32128
32222
30689
35090
33008
29576
32856
30593
32434
32195
29550
31771
32300
29482
34458
29622
32727
32339
29929
31877
31849
29861
32196
29998
32235
32548
29456
32504
32215
29929
32874
29681
32535
34082
29868
32289
34925
29727
33272
29686
32671
32619
31521
32652
32103
29882
32034
29481
32471
31860
30025
32715
32383
29439
32408
30042
32724
32118
29704
32164
32190
30102
33793
29603
32539
32171
29867
31929
32956
31372
32545
30106
32001
32090
29762
32074
32353
29468
32078
29436
32453
31962
29692
31945
32315
29747
33486
29478
32644
33249
29636
32321
32297
29407
32322
29558
32134
34205
29668
32325
33222
29673
32016
28808
32136
32134
31651
35866
32621
29546
33727
29917
32328
31670
29452
33764
32774
29427
32284
29489
32315
31666
29417
32223
32123
29864
32505
29576
32260
32414
29671
32026
33249
29365
33835
29518
32412
32061
30190
32419
31828
29954
32666
31946
32356
32411
29716
32298
31633
29972
32656
29624
31638
32357
29155
32344
32498
30227
33330
29480
32136
34135
29126
32585
33106
30230
32761
29376
31922
32386
31840
32840
32480
29871
32335
29455
32271
32442
29754
32112
31938
29810
33833
29664
32131
32284
29605
32688
32193
29537
32458
29239
31809
32929
29683
32941
34376
29983
32392
29532
32502
32033
29351
32044
33806
29852
32255
29884
32338
32173
29770
35484
36026
33100
33805
29630
32634
32551
29452
32156
32184
30589
32104
29759
32297
34155
29751
32578
34234
29650
32334
29611
35126
32027
31812
32678
32517
29823
32016
29115
32050
33120
29492
32664
32427
29158
32122
29552
32190
32370
29458
32213
33550
29972
32553
29577
32370
32516
30088
32263
33524
29834
32252
29649
32261
32235
29439
32170
32293
29359
32606
29989
32153
32618
29488
32126
34038
30089
32115
29720
32394
32713
29716
32266
32345
29415
33117
29566
31817
34102
29438
32506
32596
29361
32721
29402
32864
32304
31837
32090
33527
29908
32088
29735
32256
32025
29342
33321
32640
29604
32753
29635
32174
32280
29664
33706
32139
29669
32137
29404
32180
32094
30524
32289
34054
29783
32653
29697
32144
31729
29135
32573
32105
29361
31951
29604
31957
32275
29586
31971
31870
29752
32821
29872
32175
33140
29466
32190
33136
29868
32518
29151
32758
33696
29545
34607
34013
31654
32805
29523
32223
32368
31440
32318
32294
29397
32109
30103
32452
32141
29840
32412
33544
29724
31782
29599
32154
32329
29497
32554
32553
29950
32170
29515
32178
32301
29491
31793
32805
29777
32641
29836
32464
32402
29444
32780
33109
29751
32639
29729
32319
33009
29621
32243
32170
30066
32304
29637
32546
32261
29697
31856
32648
29745
32221
29661
33853
33855
29568
32060
34317
29606
32355
29613
32195
31686
32986
32690
32141
29637
32067
29481
32215
32435
29846
32870
32805
29831
32301
29384
32517
32117
29377
32318
33633
29422
32424
29946
32166
32244
30288
32316
32722
29439
32403
29563
32367
32189
29708
31719
32133
29676
32252
29623
32255
32266
29690
32636
33571
29688
32247
29758
32607
32465
29689
32298
32208
29409
32166
29230
32448
34402
29862
33753
33483
29243
32087
29180
32337
32230
31113
32754
34094
29284
31984
29824
32132
32403
29184
32100
32305
30009
32234
29684
33089
34440
29588
32373
32083
29785
32465
29409
32521
32067
29531
31732
35869
30189
32454
30014
32225
31845
29748
32165
31906
35305
32331
29270
32050
32118
29376
32027
32382
29547
32700
29478
32117
32937
29697
31972
33672
29710
32314
29627
32148
34456
29650
32138
35239
29677
32211
29314
31991
32194
31465
32415
32469
29658
32376
29593
32081
31861
29733
31936
34027
29926
31863
29322
32150
32538
29475
31764
32781
30353
32573
29817
32211
32290
29489
32027
33289
29647
32324
29378
32374
32440
29826
32763
33729
29843
32352
29827
32179
32728
29868
32055
31931
29485
31593
29528
32884
32311
29470
32079
32503
29724
32145
29643
34614
34458
30022
32637
34364
29914
32315
29923
32561
33778
31559
32224
32720
29756
31968
29214
32641
31819
30002
32152
31790
29982
32606
29151
32813
32159
29710
32376
32887
30167
32352
29429
32368
32011
29292
32245
33113
29635
32393
30071
37799
32644
29411
32419
32230
29632
31626
29464
32383
31969
29876
32923
33833
29859
31851
29528
32445
32393
29276
31944
32151
29653
32338
29726
32658
34161
29739
32157
33309
30145
32352
29523
32328
32126
32011
32433
33767
29483
32533
29843
32699
32371
29473
32688
32323
29565
32097
29279
31889
32455
29280
32410
32212
30020
32653
29763
32175
32331
29654
32285
34925
29952
32828
29646
32347
32698
29970
32169
32732
29619
33733
29883
32745
32419
29595
32346
32385
29676
32213
29697
32253
32147
29788
32838
33854
29472
32556
29525
32276
34329
29952
32407
33437
29901
32076
29655
32471
32245
32184
32526
32833
30110
32132
29798
32568
32575
29810
32685
33777
29655
32197
29634
32338
32526
29505
32434
32682
29974
32830
29416
32388
31918
29590
32474
33090
29490
32573
29743
32367
32641
29659
32321
33331
29725
31911
30037
32231
31752
29178
35150
31986
29539
32258
29577
32659
33162
29575
31910
37783
34855
31846
29616
32155
33613
29795
32515
34226
30239
33198
29705
31872
32344
31397
32197
32635
29502
31940
29783
32239
32025
29667
33225
32509
29643
32390
30142
32258
32016
29698
32217
33521
29932
32517
29178
32110
31893
29786
32127
33087
29301
32366
29465
32176
32315
29833
32254
32240
30072
31793
29152
32393
32403
28966
31931
33565
29768
31897
29442
32408
32193
29445
32687
32408
29751
32484
29371
32270
33429
29365
32293
32927
29883
32136
29541
32259
32347
31628
32253
34186
28914
32420
30422
32737
32621
29366
32087
32296
29195
32474
29726
32040
32430
30343
32269
32134
29750
32475
29636
32472
31446
29386
33300
33663
29707
31945
29927
32156
32119
29630
32104
31871
29262
32272
29303
32528
32266
29553
32105
31694
29009
33239
29694
32697
32402
29608
33752
32232
29484
32292
29933
32637
34168
29905
34659
33151
29636
32462
30221
32337
31987
31569
32463
32396
29696
31778
29666
32073
31860
29355
33759
32795
29355
31772
29654
32053
32277
29457
31947
32765
30034
32615
29373
32501
31938
29341
32511
33339
29813
32299
29739
32386
32638
29601
33839
32536
29587
32479
29998
32310
32125
29374
32781
32682
29521
32295
29646
32364
32991
29319
31505
32964
29635
32712
29676
32172
34488
30048
33275
32628
29702
32436
29162
32384
32523
33687
32107
32647
29643
32053
29380
32901
32370
29331
32351
32473
29584
32679
29142
31861
32078
29491
34844
32378
29396
32591
29291
32065
31824
29848
32323
32854
29353
32647
29515
32079
32093
29568
32457
32430
29878
32313
29756
32406
32397
29754
33553
32107
29624
32086
29747
37449
32263
29691
32127
32198
29617
32134
29731
32636
34312
29566
32143
35165
29539
32525
29491
32322
32049
31275
33871
32152
29225
32209
29321
31977
31805
29345
33850
32654
29556
32124
29700
32176
32156
29640
32187
31898
30029
32560
29405
35611
34588
29299
33519
33013
29272
32139
29579
32397
32222
29908
32206
32120
29966
32268
29904
31975
32643
30406
32570
32177
29610
35257
29448
32610
32063
29684
33120
31643
29344
32520
29402
33361
34406
29619
32110
33360
30065
32176
29743
32177
31783
31710
32563
32161
29431
32104
29472
32153
32143
29709
33589
32820
29839
32360
29554
32163
32223
29627
32293
32357
30462
32590
29725
32388
32402
30206
32372
32721
29871
32549
29571
32571
32533
29683
33417
32132
29633
31891
29448
32395
31664
29633
32747
32113
29366
32801
29598
32904
32633
29556
32102
32293
30105
32253
29604
32057
33810
29673
33603
33653
29506
32224
29969
32216
32340
31133
32243
32746
29998
31972
29443
32147
32291
29858
32186
32074
29769
32513
29780
32281
32151
29418
34119
32668
29561
32142
29551
32831
32215
29894
32230
39259
29882
32444
29732
32297
32018
30057
32214
32267
29486
32110
29915
32600
32410
29863
33283
32529
29539
32040
29412
32288
33065
29568
32845
32195
29882
32239
29766
32567
34372
29599
32623
33408
29948
32284
29790
32033
32413
31212
33563
32300
28961
33081
29706
32148
32272
29500
32749
32267
29429
32062
29661
32227
31745
29423
32001
32621
29592
32499
29619
32635
32774
29499
34082
32732
30509
32484
29863
32818
32294
30016
32335
32204
29657
32223
29445
31882
32467
29401
31944
31960
29776
32328
29449
31849
32242
29370
33262
31859
29325
32110
29489
32930
33981
29443
32139
33015
29991
32575
29588
32243
33280
31342
32364
32270
29796
31742
29745
32531
31445
29685
33737
32519
29776
32402
29117
32016
32163
29009
32102
32046
30243
32718
30186
32191
32114
29395
32124
32938
29542
32989
29638
32415
32022
29676
33072
32366
29988
32428
32719
33012
33317
29693
32257
32440
29432
32331
29327
32838
32208
29917
32245
31442
29536
32418
29467
32245
34277
29569
34028
33231
32461
35800
29228
32011
32143
31188
32404
32397
29422
32304
29604
32100
32055
29555
32219
32045
29594
32145
29663
32440
32194
29401
33776
31952
29747
32863
29960
32227
31945
29637
32351
32927
29831
33227
29472
32356
32002
29607
32077
32375
29537
33534
29685
32467
32410
29968
32966
32556
35040
32233
29361
32249
31921
29719
31869
31784
30043
32037
29831
32324
34283
29363
32377
32877
29538
32023
29050
31870
32222
30958
33664
32436
29907
32971
28966
32215
31995
30113
32161
31945
29873
32142
29462
32416
31838
29787
32280
32228
30276
32400
29425
31961
32456
29670
32496
33228
29872
32211
29703
32392
32074
29236
32342
31993
29781
32296
30796
32666
32020
29567
32128
32163
29614
32026
29826
32191
33815
29415
33477
32630
29375
32060
29642
32211
34059
29413
32087
33236
29626
32335
29648
32262
32255
31549
32509
31990
29406
32626
29507
32283
32291
29420
34975
32508
29718
32717
29715
32149
32174
29662
32194
32433
29881
32475
29751
32130
32414
29593
32619
33154
29582
32711
29702
32151
32139
30363
33360
31976
29689
31998
29757
32753
32156
29382
32296
32262
29414
32079
29792
32378
32719
30154
32539
31729
29596
31999
30282
32831
35896
30143
38414
35041
29453
32239
29071
32180
31783
31710
32769
32263
29758
31862
29107
32576
32198
29688
32046
32410
29846
31614
29587
32039
33336
29613
32620
31671
29631
32694
29272
32101
32558
29756
32074
33038
29372
32637
29983
32390
32247
29987
32071
33430
29547
32231
29313
32395
33114
30366
33179
32433
29318
33423
29619
32277
32732
29580
32027
32532
29885
32104
29578
32321
34290
29618
32611
33324
29726
32180
29368
32055
32824
33971
32472
32653
29320
32465
29761
32652
31899
29195
31375
32207
29629
31619
29004
32413
32036
30195
31944
31793
29933
32341
29466
32220
33433
29700
32616
33121
29669
33344
29709
32646
35083
33440
31990
32197
29792
31814
29511
32165
32347
29124
31827
32185
30044
32199
29642
32354
33681
29622
32187
32415
29685
32297
29642
32324
33886
29976
32249
32862
29733
32489
29480
32237
32142
31854
32428
32101
29773
32002
29231
32063
33565
29175
32417
32513
29881
32444
29518
32497
32528
29704
33688
31870
29982
32401
29389
32368
31962
29641
32298
32970
29543
32799
29336
32260
33018
29727
32372
32223
30169
32160
29755
32268
31663
29348
32158
32268
29988
32329
29438
32888
32636
29576
32237
32296
29701
32185
29519
32923
34934
29780
32540
32949
29998
32266
29519
32161
32473
31119
32573
32526
29401
32508
29103
32034
32246
29297
32367
32474
29728
31961
29557
32312
33562
30051
32245
32344
29502
32470
29093
32255
32298
29563
32067
33432
29917
32108
29641
32109
32388
29452
32680
32222
29086
32056
30395
32289
33763
29476
32144
32011
29423
31845
29520
32354
32216
29301
32407
31993
29703
32265
29649
33988
33947
29832
32054
32946
30023
32176
29510
32843
33607
31530
32476
32693
29741
31578
29223
32638
31861
29866
32654
32610
30254
32196
29164
32323
32643
29415
32271
32048
29850
31568
29443
32351
35950
29575
32308
33327
29693
32688
29300
32963
32777
30312
31942
32403
29710
32494
29783
32574
32022
29315
32030
32340
29476
32571
29245
32540
33697
29659
32206
32397
29660
32907
29726
32127
33481
29967
32333
33544
29854
32010
29757
32185
32488
31476
32474
32306
29447
32245
29655
32175
33181
29624
32733
32626
29467
32180
29741
32202
32185
29879
32387
32336
29827
32033
29515
32873
32344
29594
32575
34553
29377
32707
30408
32596
33939
29277
32253
32156
29402
32339
29599
32357
32597
29378
31906
32245
29994
32226
29689
32145
32496
29772
32586
32315
29690
32551
29455
32311
34896
30253
32177
32840
30082
32491
29182
32214
32499
31635
32450
32527
30054
35706
32305
32380
32279
29522
32101
31942
29854
32365
29810
32524
33689
29630
32253
32299
29501
32291
29354
32153
32124
29505
32145
32799
30462
32266
29677
32164
31450
29810
32875
32333
29746
32300
29798
32294
36444
29645
32140
32145
29714
32306
29396
32929
32413
29418
32229
32181
29341
32217
29448
32314
34283
29790
31925
32654
29369
32627
29212
32719
34982
31417
33136
32368
29698
32158
29134
31830
31812
29677
32333
32554
29917
32388
29523
32320
32456
29343
31149
31978
29689
32202
29190
32294
33576
29514
32059
33578
29553
32441
29705
32150
32789
29576
32130
32097
29672
32794
29329
32374
31767
30011
32342
31893
29869
35031
29536
32162
33918
29518
32055
32419
29989
32666
29906
32614
34708
30213
32126
34819
29318
32275
29403
32483
32495
31757
32353
32362
29626
38819
29427
31685
33278
29766
31826
32473
29337
32118
28932
32172
32260
29821
32636
32494
29603
32345
29382
32862
32375
29371
33853
33111
29636
31925
29485
31768
33666
29844
32915
32269
29211
33660
29728
32492
32915
29435
32441
32560
29669
32282
29768
32376
32226
29705
31873
33721
30052
32617
29628
32205
35813
30052
31780
33135
29519
32246
29311
32203
32929
31290
32458
32311
29654
32045
29530
32156
32102
29925
31851
32427
29688
31930
29529
32374
33017
29559
32330
32526
29653
32816
29601
32312
31690
30079
33091
33395
29474
32681
29794
32019
32397
29619
32689
31801
29581
32266
29860
32139
33649
30206
32741
32367
30025
31806
29191
31888
32335
29595
32393
32522
30228
32114
29648
32102
34393
29692
34464
33154
28931
32698
29574
32198
33491
31371
32717
32463
29462
32064
29760
32174
32423
29609
33712
32253
30267
32059
29237
32215
31626
29520
32276
32336
29827
32457
29274
32258
36848
29934
32675
34514
29949
32316
29638
32558
32487
29794
32284
32268
29612
31965
30055
32640
31841
34312
32272
31808
29894
32135
29705
33175
32301
29480
32324
31834
30154
31923
28949
32230
34184
29786
32155
33004
29563
32213
29356
32441
32313
31439
32172
32671
29539
32070
29410
33664
32333
29937
32580
32582
29790
32087
29785
32324
32179
29904
32182
31978
29890
32646
29345
32208
32245
29888
32033
33308
30015
32545
29901
33816
32942
29389
31813
32317
29811
32092
30096
32247
32324
29928
32189
32313
29458
33863
29684
32407
31935
29290
32052
32415
29558
32365
29521
33133
34518
30200
32144
33138
29608
32887
29181
32524
31860
31172
32549
31915
29877
32294
31056
32351
32384
29500
32708
32448
29671
32161
29569
33405
32277
30028
32254
32164
29728
33691
29651
33245
32549
29702
32090
33284
29693
31771
30008
32582
32452
30062
31636
32093
29624
32163
29628
33758
31936
29778
32413
33041
29484
32224
29656
32328
32665
29480
32431
32611
29381
32825
29645
32732
34336
29563
32245
32864
29909
32255
29487
33503
32194
31223
32549
32227
29449
32692
29226
32202
32167
29484
32242
32420
29477
32475
29399
31883
32721
29844
33419
32247
29583
32481
29326
33211
32090
29578
32153
33021
28984
31694
29829
32112
32746
29699
32567
32379
29535
31844
29404
32775
32309
29653
32465
31830
29369
32310
29401
33888
32463
29449
32662
32154
29818
32064
29425
32226
34260
29097
31981
32885
29049
32287
30099
32632
32375
31712
32946
32342
30149
32295
29215
33143
32252
30123
32126
32329
29745
32361
29494
31937
32153
29431
32021
33910
30241
32104
29526
32290
32128
29500
32253
33609
29461
32049
29152
33482
32436
29643
31861
32206
29642
32059
29670
32697
32642
29617
32152
32176
29387
32158
29635
32253
32024
29681
32263
31913
29936
32608
29547
34520
34109
29348
32625
32952
29725
32140
29698
32145
32882
31539
32470
32822
29631
32034
29695
32735
32070
30124
32042
32673
28857
36026
35531
33801
32334
29529
32095
32480
29967
32409
29854
32708
32489
29361
31478
33108
29498
35411
29506
32060
32007
29804
32264
32099
29626
32504
29550
33547
32646
29577
32184
32339
29947
31733
29561
32111
32351
29468
32092
32170
30001
32148
30351
32123
34407
29774
32080
35011
30026
32515
29454
33659
31924
31517
32329
32751
29722
32345
29595
32166
32184
29520
32151
32517
29865
32746
28837
32715
39190
29735
32318
32288
30190
32595
29680
33867
32336
29629
32153
34352
29752
32606
29914
32269
32138
29371
32184
31949
30148
35275
34646
32753
32383
29358
31964
32132
29835
31985
29695
33723
32659
29604
32259
32154
29485
32416
29467
32420
34338
29484
32171
32864
29318
32235
29775
32207
32157
31394
32123
32548
29905
32211
29134
33562
32418
29647
32222
32529
29298
32096
29603
32188
32213
29442
32394
32137
29713
32370
29319
32122
32309
29432
32208
33205
29488
32990
30004
33142
32348
29627
32046
31911
29693
32478
29580
32366
32057
29381
32242
32064
29599
32112
29959
34728
32507
29400
31950
31710
29216
32637
29404
33581
34168
30069
32178
32686
29468
32171
29883
31771
34294
31124
32307
32482
29580
32235
29671
32153
32358
29865
32181
33154
29529
35352
30087
33684
32424
29096
31646
32539
29835
31868
29391
32208
32140
29733
32316
33189
29432
32400
29674
32691
32617
30041
32689
32423
29913
32156
29399
33676
32230
29349
31879
32258
28990
32533
29845
32636
32514
29605
32774
32169
29762
31718
29565
32747
33733
30449
32385
33117
29742
32653
29611
33106
32307
31461
32097
32343
29413
31940
29043
32118
32795
29773
32695
32214
29886
31899
30071
32779
32518
29739
32222
32387
29565
33161
29646
33516
32597
29389
31762
32827
29690
32195
29478
31971
32465
29627
32449
31765
29821
33868
30202
32735
32361
29427
32446
31946
29065
32512
29728
33732
32562
33980
41341
32190
29428
32021
29854
32191
34206
29198
32343
32681
29249
31895
30030
31354
33124
31441
32387
32765
29436
32289
28913
33602
33421
29964
32151
33850
30051
32274
29545
32701
32169
29551
31614
32525
29772
32781
29088
32357
32588
29299
32058
33527
29505
32353
29670
33195
32494
29475
32428
32536
29599
32436
29647
32588
32395
29470
32154
32447
30281
32044
29860
32416
32728
29599
32330
32828
30047
32287
29489
33144
34521
29379
32415
32737
29753
32611
29128
32523
32511
31839
32626
32624
29445
32744
33284
32559
33220
29262
31800
32275
29594
33979
29505
32270
32183
29991
32168
32398
30098
32147
29440
32322
32333
29790
32012
32758
29725
32393
29488
31788
31977
30276
32815
31456
29435
33533
30141
32216
32012
29674
32650
32281
29781
32500
29192
32620
32002
29759
32219
32296
29615
32220
29404
32225
33873
30521
32195
32975
28989
33641
29677
32428
32923
31382
32495
31923
29873
32311
29335
32229
33250
29715
32313
33068
29768
31839
29246
32589
34627
29460
31851
32498
29408
33408
29568
32130
31172
29555
32066
33352
29558
32048
30336
32160
32791
29842
32340
32327
29468
32514
29590
32327
32779
29346
32086
32103
29458
35863
29795
32339
32288
29310
32189
32298
29637
32220
29638
32223
34317
29637
32272
32854
29872
32775
29662
32716
31896
31464
32017
31657
29748
32871
29359
32129
32608
29631
32193
32447
29490
32118
29548
32102
32345
29427
32192
32030
29826
32207
29314
32341
32239
29540
32116
33057
29673
33820
29558
32386
32318
29519
32540
32178
29604
32278
29273
32638
32101
29588
32066
32616
29658
32048
29588
32568
32686
29479
32510
32332
29713
33524
29731
32450
34014
29655
32254
35621
29380
32230
29747
31981
32270
31438
32925
32323
29914
32332
30423
32097
32475
29534
32422
33031
29731
33733
29660
31941
32415
29356
34047
32225
29501
37130
34106
32555
32211
29553
37688
33105
29760
32892
30161
32184
32179
29644
32529
32525
35235
33581
30634
32459
32113
29580
31864
32291
29728
32403
29344
32249
32177
30374
32625
32355
29392
32178
29293
32608
34021
29691
32201
37718
29833
33351
29401
32123
32125
31090
32524
32724
29664
32067
29279
31886
31893
29687
31986
32441
29630
31719
29671
32283
32011
29526
32034
32163
29830
33320
30131
32846
32393
29821
32196
33114
29654
32615
29846
32601
32241
29583
32409
32045
29412
32252
29634
32689
31879
29644
32323
33693
29597
32949
29403
32248
32722
29795
31998
31770
29319
32240
30202
33887
34211
29313
32069
32567
30104
32199
29614
32255
32155
31496
32286
33357
29708
33678
29381
32333
32281
29869
32678
32838
29888
32641
29312
32187
32885
29912
32349
32469
29224
32280
29729
32699
32437
29415
32290
33677
29751
33623
29451
32609
32002
29755
33003
32319
29582
32121
29670
32350
32044
29373
32139
32315
29655
31998
29402
31947
32087
29684
32520
32042
29770
33892
29246
32325
34115
29610
32542
32932
29645
33107
29763
32271
32532
31860
32642
32354
29280
32060
29765
32152
33162
29831
32130
32490
29329
33128
29743
32067
31731
30023
32166
32558
29700
32269
29066
32136
32720
29727
31519
34745
29383
32404
29278
32111
32148
29670
32686
32508
29700
33368
29796
32401
31697
29218
32048
32086
29460
32247
29195
32296
32640
30063
32429
32355
30167
32344
29526
32255
33790
29770
31948
32514
29926
33459
29880
32642
32342
31519
32609
32068
29810
32261
29721
33139
32352
29631
32109
32092
29397
31900
29431
32195
32370
29481
32160
32106
29807
33629
29735
32248
32401
30140
32341
32873
29488
32963
29533
32742
32624
29472
32138
33163
29645
32308
29583
32892
32333
29796
32703
32265
29429
32933
29453
32431
32254
29958
31655
32175
29512
32199
29620
32144
34282
31808
36069
34390
29723
32138
29587
31730
33860
31548
32567
32479
29357
33187
29234
34691
31687
29789
31930
32108
29894
32763
30319
32112
32493
29287
32007
31708
30199
31667
29110
32622
32078
30227
32253
33250
29604
34220
29683
32213
32436
29468
32391
32051
29633
32375
30279
32226
31974
29756
32078
32370
29245
32022
29231
32356
32508
28977
32304
32157
29527
33172
29342
32158
34410
29685
32725
32500
29737
32154
32593
32983
32279
31347
32512
32508
29374
32721
29566
32292
32570
30161
32539
32099
29717
34059
29428
32295
32392
29174
32279
32181
29487
32316
29279
32010
32506
29728
32098
32728
29103
32603
29669
32757
32264
29561
32292
32514
30139
34578
29608
32263
32141
29457
32442
32144
29605
32081
30084
32260
32576
29693
32036
32369
29470
32186
29581
32260
34347
29586
32136
33232
29698
33639
29650
32349
32454
31300
31981
32202
29626
32133
29400
32442
32084
30034
31950
32842
29942
31808
28990
32194
32329
29482
32205
31700
30000
33694
29878
32020
32758
29368
32318
32912
29382
32480
29920
31823
32063
29883
31821
32196
29577
32122
29635
32690
32539
29876
32267
31974
29547
33461
29723
32686
32833
30501
32607
32208
29271
32319
29171
32693
34222
29599
32451
35020
30247
32464
29782
32471
32511
31638
32393
33421
29920
32196
29557
32329
34266
29648
32880
32383
29315
32114
29746
31918
32369
29661
32507
32216
30184
32298
29511
32048
33088
29732
32330
34509
29898
33254
29587
32149
32622
32213
32163
31966
29419
39420
29529
32126
31823
29857
32548
31833
29681
32243
29135
32247
32641
29034
32287
33368
29387
32285
30023
32700
34348
29708
32140
32917
29990
32100
29567
32048
32430
30996
32343
32242
29338
31824
29699
32217
31984
29611
32095
33636
29725
31692
29627
32260
32422
29349
32228
32558
29626
32250
29658
32106
32236
29391
31730
33245
29950
32513
31112
35532
32100
29653
31323
33930
29679
32253
29160
32088
32216
30072
32303
32700
29524
34025
29039
32702
32355
29232
32239
32303
29675
32124
29718
32461
34301
31287
32530
34532
29490
32100
29190
32344
32764
31738
32465
32378
29381
32368
29501
32600
32096
30262
32736
33149
28999
32331
29611
31997
31933
29718
31864
33697
30066
32852
29696
32369
32314
29705
32237
33229
29175
32749
29239
32168
32856
30293
32303
32138
29978
31675
29300
32422
32146
29807
32114
33616
29813
32539
29291
32302
32275
35286
31828
32139
29248
31890
29445
32309
34133
29155
32235
33733
29686
33228
29542
32333
32238
31673
32995
33868
29776
32200
29230
32231
32303
29323
32040
32504
29709
32011
28754
32294
32374
29347
33643
32602
29547
32695
29554
32450
32298
30234
32212
33823
29562
32368
29527
32150
32445
30196
32117
32327
29613
31613
29696
32515
32223
30275
32341
31951
29552
32775
29622
32496
32688
29672
31707
33307
29624
32073
29762
32524
34696
32089
32255
33242
29537
32293
29539
32257
32375
31195
32309
32943
29517
32286
29587
32730
32298
29515
32264
33388
29869
32149
29793
32144
32301
29367
32159
32233
29546
33201
29637
32310
32063
29479
32109
33375
30172
32476
29416
32285
32234
29391
32052
33666
29664
32339
29740
32646
32346
29525
32244
32307
30211
31794
29291
32756
32330
29688
32591
32344
29587
31730
29404
33600
34513
30352
32621
34181
29326
32612
29221
34497
32235
31542
32203
32302
29551
32108
29782
32570
32537
29483
32341
32542
29392
32188
29517
32145
32243
29830
31968
33652
29609
32096
29534
31905
32318
29440
32558
32949
29277
32624
29894
31720
32700
29926
32179
32485
29806
31985
29602
32565
32216
30121
32174
33432
29457
32376
29388
32264
32191
29416
32392
32041
29668
35425
29648
31848
34491
29724
32263
32970
29609
32737
29552
31971
32209
31549
41588
36952
29685
32803
30044
32602
32514
29487
32573
32538
29866
32742
29685
32202
31797
29403
32052
32227
29645
32358
29544
32613
32410
29450
32311
36311
30103
32393
29570
32094
32451
29662
32490
32077
29652
32173
29604
32342
32047
29328
32311
32259
29781
32349
29519
32490
32323
29842
31616
33072
29704
32140
29521
32407
34116
29313
32750
33373
29715
32108
29971
32704
32439
31593
32098
32374
29797
32232
29216
31969
32680
29639
32747
33755
29545
32318
29328
31964
32266
29338
31839
32053
29816
32407
29454
32040
32181
29462
32107
33499
29385
32337
30082
32493
31958
29721
31715
33673
29829
32122
29749
32395
32188
29394
32611
32862
30558
32357
29652
32298
32759
29526
32897
32655
29528
32266
29745
32209
34138
29801
32566
36301
29302
32313
29550
32297
33744
31485
32272
32410
29099
32367
28624
31822
32394
29350
32045
32718
29688
32077
29248
32601
32602
29704
32174
33527
31995
32703
29622
32262
32716
29787
32071
33544
29508
32648
29141
32486
32669
29524
32793
32464
29289
32035
29913
32708
32464
29718
32140
33613
29434
32414
29280
32343
38750
29919
31933
32452
29471
32060
29843
31962
34626
29791
31934
33303
29612
31842
29657
32467
32513
31700
32563
33834
29453
32231
29970
32307
32769
29757
32534
32341
29671
32349
29371
32499
32457
29913
32753
32412
30055
32238
29409
31535
32294
29584
32196
34124
29309
32457
29698
31791
32311
29707
32323
33032
29365
33744
29733
31917
32700
29495
32587
32210
29392
32163
29166
34780
32168
30136
32100
33698
29680
32530
29362
32299
34306
29661
32172
33000
29824
31915
29689
32848
32103
31398
32385
32080
29478
32254
29556
32744
32315
29628
32494
33241
29519
32712
30087
32291
32500
29666
32055
31973
29551
32508
30301
32292
32154
30003
32130
33950
29525
32684
29350
32343
32587
29564
33801
32476
29936
32280
36103
36371
32405
29833
32617
31932
29324
32571
29762
32694
32614
29521
32310
32238
29384
32234
29202
32248
34587
29411
33549
32972
29883
32374
29584
32229
31903
31487
32689
32333
29237
32069
29501
31552
33812
30143
32677
31964
29660
32744
29177
32721
32317
29536
33864
31958
29770
32469
29418
32355
32447
29601
31988
33494
29237
32208
29676
32656
32346
29674
32081
32249
30085
32043
29748
32290
32555
33544
33762
32430
31564
32316
29468
32946
32656
29636
32374
32259
29575
32237
29409
32423
33813
29640
32720
32669
29556
32249
30123
32457
31905
31499
33970
32599
29884
32043
29287
32653
32117
29904
31822
32330
29596
31945
29076
32008
32579
29766
32293
32257
28852
32377
29604
32394
31682
29174
33864
33286
29626
32622
29091
32427
32244
29538
32095
32143
29333
32375
29461
32272
32084
29582
31711
32127
30068
33448
29475
32132
32494
29385
33594
32417
29643
32292
29496
32511
33989
30000
32418
33806
29402
32102
29562
32299
32878
31749
32253
32220
29483
32136
29474
32185
32060
29784
33421
32370
29517
32519
29390
32371
32520
29629
32288
31720
29552
32757
29743
32339
32045
29426
31976
33056
29857
32320
29477
32309
32382
29944
33702
32596
29469
31816
29847
32169
32055
29842
33489
32604
30224
32908
29820
32360
32377
30097
32159
32088
29531
31604
29486
32835
34250
29806
33748
32904
29326
32482
29374
32269
32398
31440
32175
32996
29577
32979
29488
31856
32189
29948
32295
32600
29884
32391
29173
32680
32493
30041
35231
32447
29583
32393
29339
32144
32339
29469
32320
32824
29650
32422
29380
32716
32497
29457
32003
32100
29577
32160
29802
32780
32235
29420
32751
31917
29926
32104
30164
32406
32673
29589
32115
32132
29556
32699
29586
32734
34041
29223
32216
33345
29536
32185
31458
32309
32225
31408
33354
32515
29622
32726
29176
32235
32292
29384
35521
38094
29537
32404
29002
32367
32250
29567
32036
31472
29800
32509
29761
32027
32360
29597
33729
33149
30208
32433
29377
32357
32166
29812
32186
32310
30192
32130
29733
32250
32710
30094
32071
32666
29557
31581
29350
32251
32317
29657
33539
32243
29659
32418
29279
33185
34201
29254
31971
34523
30149
32671
30155
32721
32374
31312
32449
32267
29356
32095
29186
32350
33170
29814
33584
32505
29863
32061
29659
31902
32114
29636
32094
32361
29908
32013
29818
32081
32329
29593
32196
33244
29406
33165
30175
32243
32033
29842
33034
32331
30095
32145
29821
32403
32098
29436
32108
32279
29852
32245
29565
32409
32079
29523
32259
32365
29331
32147
29409
32077
34073
29153
35726
35925
29421
32430
29713
32233
32265
32024
32033
32912
29754
31819
29202
32670
31875
29835
32273
32184
29359
31962
31361
32278
32436
29785
33936
32569
29815
32124
29428
32286
32302
29403
32049
34579
29438
32611
29714
32279
32151
29605
32208
32363
29747
33359
29804
32401
32133
30223
33715
32048
29411
32111
29354
32455
32971
29918
32050
32063
29656
32073
29798
32458
34259
29477
32567
33022
29812
32852
29702
32411
31747
31652
33717
32870
30177
32304
29213
32224
31997
29794
31993
32471
29567
32128
29773
31876
32293
29671
32288
32431
29557
32594
29696
32123
40225
29371
33230
32800
29469
32726
29712
32458
31869
29791
31801
31505
29751
32040
29577
31767
32071
29713
32288
32300
29744
32466
29379
32261
32277
29743
33615
32267
29515
33086
29611
32444
34107
29891
32217
33142
29981
32322
29568
32306
33824
31212
32441
33247
30235
32156
29562
32220
32439
29086
33629
32246
29344
31808
29132
32051
32671
29713
32679
32294
29535
32557
29322
32240
32327
29705
32137
33358
29732
32762
29527
31731
31955
29625
33755
33110
29670
31849
30130
32139
32132
29585
32739
32149
29675
32529
30208
37008
37897
29892
32527
32326
29342
32439
29540
32426
34020
30021
33341
33062
29752
32548
29236
32213
31628
31193
32201
32336
29322
32387
29536
32313
32123
29437
32163
31853
30039
32066
29720
32075
32534
30180
33885
32374
29958
32821
29643
32283
32092
29548
32075
33147
29652
32510
29538
32107
32410
29774
31889
32111
29634
33653
29490
32332
32116
30203
33050
32742
29664
32602
29772
32401
32099
29412
32706
32533
29781
32172
29699
32666
34106
29805
32301
32894
29616
32445
29341
31753
32351
31568
33769
32659
29957
32625
30741
32861
32197
29688
31710
32489
29733
33012
29580
32603
32280
29631
31895
32642
30028
32099
30014
32216
33799
29651
32616
33276
29586
32369
29641
31913
33834
29656
32289
32190
29305
32663
30279
32298
31986
29692
32120
32001
29683
32065
29665
32163
33964
29401
32185
32701
31445
32817
29175
32090
34203
29725
32620
32665
30077
32139
29499
32398
32445
31302
32724
32412
29590
31858
29921
32690
35480
29801
32118
32340
29844
31763
29405
32035
32003
29499
31986
32572
30522
32009
29685
32142
32620
29579
32128
32899
29511
32265
30045
32310
32849
29441
32091
31840
77314
37085
30287
32490
32259
29823
32176
32242
30321
32449
30281
32454
32644
29399
31965
32403
29735
32589
29454
32601
35714
29402
32096
33423
29155
32997
29370
32656
32133
31684
32546
32328
30093
32076
29657
32725
32151
29697
31958
32560
29716
32372
29330
32373
33488
29733
32180
31785
29538
32710
29855
32389
32375
29963
32044
37586
30513
32183
29551
31938
32331
29873
32285
32811
29434
32514
29560
32230
33874
29877
32473
31772
29509
33361
29206
32889
32417
29323
31879
32128
29701
32332
29419
32299
34250
29818
32262
35067
29726
31979
29544
32420
33492
31229
32154
32572
89362
39815
29798
33131
32401
29785
33116
32338
29466
32015
29744
36518
37367
29542
31885
34356
29642
32724
29513
32800
32191
29762
32034
33724
29397
33064
29544
32338
32351
29198
32722
32277
29686
32257
29428
31970
32134
29691
32139
31998
29650
32817
29462
32193
32536
29554
31978
34862
29547
32131
29707
32013
32011
29048
34177
33257
29240
31893
29095
31699
32136
37402
31963
31817
31288
32117
29316
31996
32014
29578
32057
33168
29653
32200
29689
31665
34451
29496
32043
34998
29802
31866
29477
35527
33135
29271
32063
31589
29634
32142
29425
32335
32644
29578
32718
33999
29822
31944
29392
31857
32139
29622
31814
31463
29354
32222
29592
33428
31938
30077
31972
32995
29308
32286
29128
31630
31786
29858
32173
34965
29398
31840
29362
32122
32241
29200
32214
32473
31555
32544
29566
32236
31835
29407
32040
31714
29757
32148
29557
32117
32110
29617
32128
34259
29429
32455
29460
34855
32003
29845
32667
32335
29361
32022
29349
34083
32341
29586
31907
32092
29380
32159
29673
31978
32236
29699
32091
33399
29554
31902
29671
32736
31791
29620
32065
32951
29622
32215
29741
32099
32291
29529
32052
34181
29722
32381
29344
32460
31792
29638
31864
33155
31751
32662
29775
31991
32126
29747
32556
31937
29719
31789
29977
32269
31886
29112
31887
32898
29363
32702
28911
32464
32145
29680
32161
32958
29658
31834
29759
32185
32224
29430
32220
31800
29829
32627
28761
31916
31735
30021
32054
31879
29352
32156
29525
32127
32491
29830
32699
33949
29962
32791
29609
31737
31996
30006
32227
33689
29616
31839
29493
31419
32172
29205
32031
33156
31214
32544
29437
31709
31557
29461
32566
33101
29249
31957
29586
32027
32263
29411
32160
33167
29428
32137
29099
32247
32014
29790
32126
Average throughput: 31332.443492 op/s latency: 31.599000 usec
Done!
